%%MatrixMarket matrix coordinate real general
%-------------------------------------------------------------------------------
% UF Sparse Matrix Collection, Tim Davis
% http://www.cise.ufl.edu/research/sparse/matrices/MathWorks/TS
% name: MathWorks/TS
% [x=A\b triggers a bug in MATLAB R2009a and earlier]
% id: 2256
% date: 2009
% author: P. Quillen
% ed: T. Davis
% fields: name title A b id date author ed kind notes
% kind: counter-example problem
%-------------------------------------------------------------------------------
% notes:
% This is a structurally singular matrix that triggers a bug in the   
% 2-by-2 pivoting strategy in UMFPACK versions 4.1 through 5.3.       
% The bug thus exists in MATLAB R2006b through R2009a.  It was        
% fixed in UMFPACK 5.4 and MATLAB R2009b.  Contributed by Pat Quillen,
% The MathWorks, Inc.  The sprank(A) and rank(A) are 2140.            
%-------------------------------------------------------------------------------
2142 2142 45262
1 1 1
2 2 1
44 2 -7.957747154594767
3 3 1
45 3 -7.957747154594767
4 4 1
46 4 -7.957747154594767
5 5 1
47 5 -7.957747154594767
6 6 1
48 6 -7.957747154594767
7 7 1
49 7 -7.957747154594767
8 8 1
50 8 -7.957747154594767
9 9 1
51 9 -7.957747154594767
10 10 1
52 10 -7.957747154594767
11 11 1
53 11 -7.957747154594767
12 12 1
54 12 -7.957747154594767
13 13 1
55 13 -7.957747154594767
14 14 1
56 14 -7.957747154594767
15 15 1
57 15 -7.957747154594767
16 16 1
58 16 -7.957747154594767
17 17 1
59 17 -7.957747154594767
18 18 1
60 18 -7.957747154594767
19 19 1
61 19 -7.957747154594767
20 20 1
62 20 -7.957747154594767
21 21 1
22 22 1
64 22 7.957747154594767
23 23 1
65 23 7.957747154594767
24 24 1
66 24 7.957747154594767
25 25 1
67 25 7.957747154594767
26 26 1
68 26 7.957747154594767
27 27 1
69 27 7.957747154594767
28 28 1
70 28 7.957747154594767
29 29 1
71 29 7.957747154594767
30 30 1
72 30 7.957747154594767
31 31 1
73 31 7.957747154594767
32 32 1
74 32 7.957747154594767
33 33 1
75 33 7.957747154594767
34 34 1
76 34 7.957747154594767
35 35 1
77 35 7.957747154594767
36 36 1
78 36 7.957747154594767
37 37 1
79 37 7.957747154594767
38 38 1
80 38 7.957747154594767
39 39 1
81 39 7.957747154594767
40 40 1
82 40 7.957747154594767
41 41 1
83 41 7.957747154594767
42 42 1
84 42 7.957747154594767
43 43 1
64 43 -267
65 43 -81.22381939879453
66 43 20.431729094530684
67 43 -9.174861087357645
68 43 5.236067977499791
69 43 -3.414213562373096
70 43 2.4259199981595914
71 43 -1.8314699643925387
72 43 1.447213595499958
73 43 -1.1854443532329608
74 43 1.0000000000000002
75 43 -.8647269086408728
76 43 .7639320225002103
77 43 -.6877624029724609
78 43 .62980809184125
79 43 -.585786437626905
80 43 .552786404500042
81 43 -.5288189052807242
82 43 .5125428154684583
83 43 -.5030969793285541
84 43 1
64 44 324.89527759517813
65 44 40.36036120973291
66 44 -54.597335464967834
67 44 20.686413167760424
68 44 -11.19373666964622
69 44 7.128052193506943
70 44 -5.001211689783976
71 44 3.747438806935635
72 44 -2.9469344936085067
73 44 2.406003820030183
74 44 -2.024930251576006
75 44 1.7480640977952848
76 44 -1.5423704569289365
77 44 1.3872715226476526
78 44 -1.2694595511018976
79 44 1.180083642143991
80 44 -1.1131485842854134
81 44 1.0645688331247305
82 44 -1.0315952575667748
83 44 1.0124651257880029
84 44 -2.0123879173142165
86 44 -7.957747154594767
64 45 -81.72691637812274
65 45 54.597335464967834
66 45 9.95959313953111
67 45 -33.3055830622499
68 45 14.080588085360814
69 45 -8.198410213930357
70 45 5.505527681884695
71 45 -4.0236104126749535
72 45 3.115073031670103
73 45 -2.516919832317088
74 45 2.102924448476535
75 45 -1.8058837802800447
76 45 1.5872089866696824
77 45 -1.4234399113877099
78 45 1.2996787849316254
79 45 -1.2061538227492166
80 45 1.1363161753616493
81 45 -1.0857391718119602
82 45 1.0514622242382672
83 45 -1.0315952575667748
84 45 2.050171261873833
87 45 -7.957747154594767
64 46 36.69944434943058
65 46 -20.686413167760424
66 46 33.3055830622499
67 46 4.323021091038461
68 46 -24.393358573360548
69 46 10.875491000442578
70 46 -6.595843317637233
71 46 4.576491222541475
72 46 -3.4364879392953656
73 46 2.72267366433641
74 46 -2.2446524752687216
75 46 1.9094154425567458
76 46 -1.6666340026355715
77 46 1.486992137840738
78 46 -1.3524554516792795
79 46 1.251475720321847
80 46 -1.1764543126380946
81 46 1.1223262376343608
82 46 -1.0857391718119602
83 46 1.0645688331247305
84 46 -2.1152756211228967
88 46 -7.957747154594767
64 47 -20.944271909999163
65 47 11.19373666964622
66 47 -14.080588085360814
67 47 24.393358573360548
68 47 2.341640786499874
69 47 -19.62511840008253
70 47 9.040294042680403
71 47 -5.633382381937235
72 47 4
73 47 -3.064746465154262
74 47 2.4721359549995796
75 47 -2.071569710207388
76 47 1.7888543819998317
77 47 -1.5835218787852228
78 47 1.4318419123191757
79 47 -1.3191535099166307
80 47 1.2360679774997896
81 47 -1.1764543126380946
82 47 1.136316175361649
83 47 -1.1131485842854134
84 47 2.211145618000168
89 47 -7.957747154594767
64 48 13.656854249492383
65 48 -7.128052193506943
66 48 8.198410213930357
67 48 -10.875491000442578
68 48 19.62511840008253
69 48 1.4142135623730954
70 48 -16.76143457544417
71 48 7.901506724761102
72 48 -5.023992240590989
73 48 3.6319239979163744
74 48 -2.8284271247461903
75 48 2.316044553446578
76 48 -1.968264150590148
77 48 1.722508555359629
78 48 -1.5445303147217202
79 48 1.4142135623730951
80 48 -1.3191535099166307
81 48 1.251475720321847
82 48 -1.2061538227492166
83 48 1.180083642143991
84 48 -2.34314575050762
90 48 -7.957747154594767
64 49 -9.703679992638365
65 49 5.001211689783976
66 49 -5.505527681884695
67 49 6.595843317637233
68 49 -9.040294042680403
69 49 16.76143457544417
70 49 .8980559531591708
71 49 -14.94826935913532
72 49 7.174417973339365
73 49 -4.636597542200507
74 49 3.4026032334081604
75 49 -2.6873784091182564
76 49 2.230146063340206
77 49 -1.9197989549084151
78 49 1.7013016167040798
79 49 -1.5445303147217202
80 49 1.4318419123191757
81 49 -1.3524554516792795
82 49 1.2996787849316254
83 49 -1.2694595511018976
84 49 2.5192323673649994
91 49 -7.957747154594767
64 50 7.325879857570155
65 50 -3.747438806935635
66 50 4.0236104126749535
67 50 -4.576491222541475
68 50 5.633382381937235
69 50 -7.901506724761102
70 50 14.94826935913532
71 50 .571853780710039
72 50 -13.795624207127528
73 50 6.721423082617111
74 50 -4.405378529170533
75 50 3.2764059718978538
76 50 -2.6212062337881665
77 50 2.2026892645852665
78 50 -1.9197989549084151
79 50 1.722508555359629
80 50 -1.5835218787852228
81 50 1.486992137840738
82 50 -1.4234399113877099
83 50 1.3872715226476526
84 50 -2.7510496118898438
92 50 -7.957747154594767
64 51 -5.788854381999832
65 51 2.9469344936085067
66 51 -3.115073031670103
67 51 3.4364879392953656
68 51 -4
69 51 5.023992240590989
70 51 -7.174417973339365
71 51 13.795624207127528
72 51 .34164078649987384
73 51 -13.10766054751032
74 51 6.47213595499958
75 51 -4.296903489169254
76 51 3.23606797749979
77 51 -2.6212062337881665
78 51 2.230146063340206
79 51 -1.968264150590148
80 51 1.7888543819998317
81 51 -1.6666340026355715
82 51 1.5872089866696821
83 51 -1.5423704569289365
84 51 3.0557280900008412
93 51 -7.957747154594767
64 52 4.741777412931843
65 52 -2.406003820030183
66 52 2.516919832317088
67 52 -2.72267366433641
68 52 3.064746465154262
69 52 -3.6319239979163744
70 52 4.636597542200507
71 52 -6.721423082617111
72 52 13.10766054751032
73 52 .16035872229604414
74 52 -12.784906442999324
75 52 6.392453221499666
76 52 -4.296903489169252
77 52 3.2764059718978524
78 52 -2.6873784091182555
79 52 2.3160445534465777
80 52 -2.0715697102073873
81 52 1.9094154425567453
82 52 -1.8058837802800445
83 52 1.7480640977952844
84 52 -3.4589076345634897
94 52 -7.957747154594767
64 53 -4.000000000000001
65 53 2.024930251576006
66 53 -2.102924448476535
67 53 2.2446524752687216
68 53 -2.4721359549995796
69 53 2.8284271247461903
70 53 -3.4026032334081604
71 53 4.405378529170533
72 53 -6.47213595499958
73 53 12.784906442999324
74 53 6.123233995736766e-17
75 53 -12.784906442999342
76 53 6.47213595499958
77 53 -4.405378529170533
78 53 3.4026032334081595
79 53 -2.82842712474619
80 53 2.472135954999579
81 53 -2.2446524752687216
82 53 2.1029244484765344
83 53 -2.0249302515760057
84 53 4
95 53 -7.957747154594767
64 54 3.458907634563491
65 54 -1.7480640977952848
66 54 1.8058837802800447
67 54 -1.9094154425567458
68 54 2.071569710207388
69 54 -2.316044553446578
70 54 2.6873784091182564
71 54 -3.2764059718978538
72 54 4.296903489169254
73 54 -6.392453221499666
74 54 12.784906442999342
75 54 -.16035872229604378
76 54 -13.107660547510301
77 54 6.721423082617106
78 54 -4.636597542200505
79 54 3.631923997916373
80 54 -3.0647464651542613
81 54 2.722673664336409
82 54 -2.5169198323170865
83 54 2.406003820030182
84 54 -4.7417774129318415
96 54 -7.957747154594767
64 55 -3.0557280900008412
65 55 1.5423704569289365
66 55 -1.5872089866696824
67 55 1.6666340026355715
68 55 -1.7888543819998317
69 55 1.968264150590148
70 55 -2.230146063340206
71 55 2.6212062337881665
72 55 -3.23606797749979
73 55 4.296903489169252
74 55 -6.47213595499958
75 55 13.107660547510301
76 55 -.3416407864998737
77 55 -13.795624207127528
78 55 7.174417973339365
79 55 -5.023992240590989
80 55 4
81 55 -3.4364879392953656
82 55 3.1150730316701027
83 55 -2.9469344936085067
84 55 5.7888543819998315
97 55 -7.957747154594767
64 56 2.7510496118898438
65 56 -1.3872715226476526
66 56 1.4234399113877099
67 56 -1.486992137840738
68 56 1.5835218787852228
69 56 -1.722508555359629
70 56 1.9197989549084151
71 56 -2.2026892645852665
72 56 2.6212062337881665
73 56 -3.2764059718978524
74 56 4.405378529170533
75 56 -6.721423082617106
76 56 13.795624207127528
77 56 -.5718537807100388
78 56 -14.94826935913532
79 56 7.901506724761102
80 56 -5.633382381937235
81 56 4.576491222541475
82 56 -4.023610412674953
83 56 3.747438806935635
84 56 -7.325879857570154
98 56 -7.957747154594767
64 57 -2.519232367365
65 57 1.2694595511018976
66 57 -1.2996787849316254
67 57 1.3524554516792795
68 57 -1.4318419123191757
69 57 1.5445303147217202
70 57 -1.7013016167040798
71 57 1.9197989549084151
72 57 -2.230146063340206
73 57 2.6873784091182555
74 57 -3.4026032334081595
75 57 4.636597542200505
76 57 -7.174417973339365
77 57 14.94826935913532
78 57 -.8980559531591704
79 57 -16.76143457544417
80 57 9.040294042680403
81 57 -6.595843317637233
82 57 5.505527681884693
83 57 -5.001211689783976
84 57 9.703679992638364
99 57 -7.957747154594767
64 58 2.34314575050762
65 58 -1.180083642143991
66 58 1.2061538227492166
67 58 -1.251475720321847
68 58 1.3191535099166307
69 58 -1.4142135623730951
70 58 1.5445303147217202
71 58 -1.722508555359629
72 58 1.968264150590148
73 58 -2.3160445534465777
74 58 2.82842712474619
75 58 -3.631923997916373
76 58 5.023992240590989
77 58 -7.901506724761102
78 58 16.76143457544417
79 58 -1.4142135623730947
80 58 -19.62511840008253
81 58 10.875491000442578
82 58 -8.198410213930353
83 58 7.128052193506943
84 58 -13.656854249492378
100 58 -7.957747154594767
64 59 -2.211145618000168
65 59 1.1131485842854134
66 59 -1.1363161753616493
67 59 1.1764543126380946
68 59 -1.2360679774997896
69 59 1.3191535099166307
70 59 -1.4318419123191757
71 59 1.5835218787852228
72 59 -1.7888543819998317
73 59 2.0715697102073873
74 59 -2.472135954999579
75 59 3.0647464651542613
76 59 -4
77 59 5.633382381937235
78 59 -9.040294042680403
79 59 19.62511840008253
80 59 -2.3416407864998727
81 59 -24.393358573360548
82 59 14.080588085360803
83 59 -11.19373666964622
84 59 20.94427190999915
101 59 -7.957747154594767
64 60 2.1152756211228967
65 60 -1.0645688331247305
66 60 1.0857391718119602
67 60 -1.1223262376343608
68 60 1.1764543126380946
69 60 -1.251475720321847
70 60 1.3524554516792795
71 60 -1.486992137840738
72 60 1.6666340026355715
73 60 -1.9094154425567453
74 60 2.2446524752687216
75 60 -2.722673664336409
76 60 3.4364879392953656
77 60 -4.576491222541475
78 60 6.595843317637233
79 60 -10.875491000442578
80 60 24.393358573360548
81 60 -4.323021091038456
82 60 -33.305583062249845
83 60 20.686413167760424
84 60 -36.69944434943054
102 60 -7.957747154594767
64 61 -2.050171261873833
65 61 1.0315952575667748
66 61 -1.0514622242382672
67 61 1.0857391718119602
68 61 -1.136316175361649
69 61 1.2061538227492166
70 61 -1.2996787849316254
71 61 1.4234399113877099
72 61 -1.5872089866696821
73 61 1.8058837802800445
74 61 -2.1029244484765344
75 61 2.5169198323170865
76 61 -3.1150730316701027
77 61 4.023610412674953
78 61 -5.505527681884693
79 61 8.198410213930353
80 61 -14.080588085360803
81 61 33.305583062249845
82 61 -9.95959313953111
83 61 -54.597335464968
84 61 81.72691637812274
103 61 -7.957747154594767
64 62 2.0123879173142165
65 62 -1.0124651257880029
66 62 1.0315952575667748
67 62 -1.0645688331247305
68 62 1.1131485842854134
69 62 -1.180083642143991
70 62 1.2694595511018976
71 62 -1.3872715226476526
72 62 1.5423704569289365
73 62 -1.7480640977952844
74 62 2.0249302515760057
75 62 -2.406003820030182
76 62 2.9469344936085067
77 62 -3.747438806935635
78 62 5.001211689783976
79 62 -7.128052193506943
80 62 11.19373666964622
81 62 -20.686413167760424
82 62 54.597335464968
83 62 -40.36036120973254
84 62 -324.89527759517523
104 62 -7.957747154594767
63 63 1
64 63 -1
65 63 .5030969793285541
66 63 -.5125428154684583
67 63 .5288189052807242
68 63 -.552786404500042
69 63 .585786437626905
70 63 -.6298080918412499
71 63 .6877624029724609
72 63 -.7639320225002103
73 63 .8647269086408724
74 63 -1
75 63 1.1854443532329604
76 63 -1.4472135954999579
77 63 1.8314699643925385
78 63 -2.425919998159591
79 63 3.4142135623730945
80 63 -5.236067977499787
81 63 9.174861087357636
82 63 -20.431729094530684
83 63 81.22381939879381
84 63 267
44 64 -81.22381939879453
45 64 20.431729094530684
46 64 -9.174861087357645
47 64 5.236067977499791
48 64 -3.414213562373096
49 64 2.4259199981595914
50 64 -1.8314699643925387
51 64 1.447213595499958
52 64 -1.1854443532329608
53 64 1.0000000000000002
54 64 -.8647269086408728
55 64 .7639320225002103
56 64 -.6877624029724609
57 64 .62980809184125
58 64 -.585786437626905
59 64 .552786404500042
60 64 -.5288189052807242
61 64 .5125428154684583
62 64 -.5030969793285541
106 64 7.957747154594767
44 65 40.36036120973291
45 65 -54.597335464967834
46 65 20.686413167760424
47 65 -11.19373666964622
48 65 7.128052193506943
49 65 -5.001211689783976
50 65 3.747438806935635
51 65 -2.9469344936085067
52 65 2.406003820030183
53 65 -2.024930251576006
54 65 1.7480640977952848
55 65 -1.5423704569289365
56 65 1.3872715226476526
57 65 -1.2694595511018976
58 65 1.180083642143991
59 65 -1.1131485842854134
60 65 1.0645688331247305
61 65 -1.0315952575667748
62 65 1.0124651257880029
107 65 7.957747154594767
44 66 54.597335464967834
45 66 9.95959313953111
46 66 -33.3055830622499
47 66 14.080588085360814
48 66 -8.198410213930357
49 66 5.505527681884695
50 66 -4.0236104126749535
51 66 3.115073031670103
52 66 -2.516919832317088
53 66 2.102924448476535
54 66 -1.8058837802800447
55 66 1.5872089866696824
56 66 -1.4234399113877099
57 66 1.2996787849316254
58 66 -1.2061538227492166
59 66 1.1363161753616493
60 66 -1.0857391718119602
61 66 1.0514622242382672
62 66 -1.0315952575667748
108 66 7.957747154594767
44 67 -20.686413167760424
45 67 33.3055830622499
46 67 4.323021091038461
47 67 -24.393358573360548
48 67 10.875491000442578
49 67 -6.595843317637233
50 67 4.576491222541475
51 67 -3.4364879392953656
52 67 2.72267366433641
53 67 -2.2446524752687216
54 67 1.9094154425567458
55 67 -1.6666340026355715
56 67 1.486992137840738
57 67 -1.3524554516792795
58 67 1.251475720321847
59 67 -1.1764543126380946
60 67 1.1223262376343608
61 67 -1.0857391718119602
62 67 1.0645688331247305
109 67 7.957747154594767
44 68 11.19373666964622
45 68 -14.080588085360814
46 68 24.393358573360548
47 68 2.341640786499874
48 68 -19.62511840008253
49 68 9.040294042680403
50 68 -5.633382381937235
51 68 4
52 68 -3.064746465154262
53 68 2.4721359549995796
54 68 -2.071569710207388
55 68 1.7888543819998317
56 68 -1.5835218787852228
57 68 1.4318419123191757
58 68 -1.3191535099166307
59 68 1.2360679774997896
60 68 -1.1764543126380946
61 68 1.136316175361649
62 68 -1.1131485842854134
110 68 7.957747154594767
44 69 -7.128052193506943
45 69 8.198410213930357
46 69 -10.875491000442578
47 69 19.62511840008253
48 69 1.4142135623730954
49 69 -16.76143457544417
50 69 7.901506724761102
51 69 -5.023992240590989
52 69 3.6319239979163744
53 69 -2.8284271247461903
54 69 2.316044553446578
55 69 -1.968264150590148
56 69 1.722508555359629
57 69 -1.5445303147217202
58 69 1.4142135623730951
59 69 -1.3191535099166307
60 69 1.251475720321847
61 69 -1.2061538227492166
62 69 1.180083642143991
111 69 7.957747154594767
44 70 5.001211689783976
45 70 -5.505527681884695
46 70 6.595843317637233
47 70 -9.040294042680403
48 70 16.76143457544417
49 70 .8980559531591708
50 70 -14.94826935913532
51 70 7.174417973339365
52 70 -4.636597542200507
53 70 3.4026032334081604
54 70 -2.6873784091182564
55 70 2.230146063340206
56 70 -1.9197989549084151
57 70 1.7013016167040798
58 70 -1.5445303147217202
59 70 1.4318419123191757
60 70 -1.3524554516792795
61 70 1.2996787849316254
62 70 -1.2694595511018976
112 70 7.957747154594767
44 71 -3.747438806935635
45 71 4.0236104126749535
46 71 -4.576491222541475
47 71 5.633382381937235
48 71 -7.901506724761102
49 71 14.94826935913532
50 71 .571853780710039
51 71 -13.795624207127528
52 71 6.721423082617111
53 71 -4.405378529170533
54 71 3.2764059718978538
55 71 -2.6212062337881665
56 71 2.2026892645852665
57 71 -1.9197989549084151
58 71 1.722508555359629
59 71 -1.5835218787852228
60 71 1.486992137840738
61 71 -1.4234399113877099
62 71 1.3872715226476526
113 71 7.957747154594767
44 72 2.9469344936085067
45 72 -3.115073031670103
46 72 3.4364879392953656
47 72 -4
48 72 5.023992240590989
49 72 -7.174417973339365
50 72 13.795624207127528
51 72 .34164078649987384
52 72 -13.10766054751032
53 72 6.47213595499958
54 72 -4.296903489169254
55 72 3.23606797749979
56 72 -2.6212062337881665
57 72 2.230146063340206
58 72 -1.968264150590148
59 72 1.7888543819998317
60 72 -1.6666340026355715
61 72 1.5872089866696821
62 72 -1.5423704569289365
114 72 7.957747154594767
44 73 -2.406003820030183
45 73 2.516919832317088
46 73 -2.72267366433641
47 73 3.064746465154262
48 73 -3.6319239979163744
49 73 4.636597542200507
50 73 -6.721423082617111
51 73 13.10766054751032
52 73 .16035872229604414
53 73 -12.784906442999324
54 73 6.392453221499666
55 73 -4.296903489169252
56 73 3.2764059718978524
57 73 -2.6873784091182555
58 73 2.3160445534465777
59 73 -2.0715697102073873
60 73 1.9094154425567453
61 73 -1.8058837802800445
62 73 1.7480640977952844
115 73 7.957747154594767
44 74 2.024930251576006
45 74 -2.102924448476535
46 74 2.2446524752687216
47 74 -2.4721359549995796
48 74 2.8284271247461903
49 74 -3.4026032334081604
50 74 4.405378529170533
51 74 -6.47213595499958
52 74 12.784906442999324
53 74 6.123233995736766e-17
54 74 -12.784906442999342
55 74 6.47213595499958
56 74 -4.405378529170533
57 74 3.4026032334081595
58 74 -2.82842712474619
59 74 2.472135954999579
60 74 -2.2446524752687216
61 74 2.1029244484765344
62 74 -2.0249302515760057
116 74 7.957747154594767
44 75 -1.7480640977952848
45 75 1.8058837802800447
46 75 -1.9094154425567458
47 75 2.071569710207388
48 75 -2.316044553446578
49 75 2.6873784091182564
50 75 -3.2764059718978538
51 75 4.296903489169254
52 75 -6.392453221499666
53 75 12.784906442999342
54 75 -.16035872229604378
55 75 -13.107660547510301
56 75 6.721423082617106
57 75 -4.636597542200505
58 75 3.631923997916373
59 75 -3.0647464651542613
60 75 2.722673664336409
61 75 -2.5169198323170865
62 75 2.406003820030182
117 75 7.957747154594767
44 76 1.5423704569289365
45 76 -1.5872089866696824
46 76 1.6666340026355715
47 76 -1.7888543819998317
48 76 1.968264150590148
49 76 -2.230146063340206
50 76 2.6212062337881665
51 76 -3.23606797749979
52 76 4.296903489169252
53 76 -6.47213595499958
54 76 13.107660547510301
55 76 -.3416407864998737
56 76 -13.795624207127528
57 76 7.174417973339365
58 76 -5.023992240590989
59 76 4
60 76 -3.4364879392953656
61 76 3.1150730316701027
62 76 -2.9469344936085067
118 76 7.957747154594767
44 77 -1.3872715226476526
45 77 1.4234399113877099
46 77 -1.486992137840738
47 77 1.5835218787852228
48 77 -1.722508555359629
49 77 1.9197989549084151
50 77 -2.2026892645852665
51 77 2.6212062337881665
52 77 -3.2764059718978524
53 77 4.405378529170533
54 77 -6.721423082617106
55 77 13.795624207127528
56 77 -.5718537807100388
57 77 -14.94826935913532
58 77 7.901506724761102
59 77 -5.633382381937235
60 77 4.576491222541475
61 77 -4.023610412674953
62 77 3.747438806935635
119 77 7.957747154594767
44 78 1.2694595511018976
45 78 -1.2996787849316254
46 78 1.3524554516792795
47 78 -1.4318419123191757
48 78 1.5445303147217202
49 78 -1.7013016167040798
50 78 1.9197989549084151
51 78 -2.230146063340206
52 78 2.6873784091182555
53 78 -3.4026032334081595
54 78 4.636597542200505
55 78 -7.174417973339365
56 78 14.94826935913532
57 78 -.8980559531591704
58 78 -16.76143457544417
59 78 9.040294042680403
60 78 -6.595843317637233
61 78 5.505527681884693
62 78 -5.001211689783976
120 78 7.957747154594767
44 79 -1.180083642143991
45 79 1.2061538227492166
46 79 -1.251475720321847
47 79 1.3191535099166307
48 79 -1.4142135623730951
49 79 1.5445303147217202
50 79 -1.722508555359629
51 79 1.968264150590148
52 79 -2.3160445534465777
53 79 2.82842712474619
54 79 -3.631923997916373
55 79 5.023992240590989
56 79 -7.901506724761102
57 79 16.76143457544417
58 79 -1.4142135623730947
59 79 -19.62511840008253
60 79 10.875491000442578
61 79 -8.198410213930353
62 79 7.128052193506943
121 79 7.957747154594767
44 80 1.1131485842854134
45 80 -1.1363161753616493
46 80 1.1764543126380946
47 80 -1.2360679774997896
48 80 1.3191535099166307
49 80 -1.4318419123191757
50 80 1.5835218787852228
51 80 -1.7888543819998317
52 80 2.0715697102073873
53 80 -2.472135954999579
54 80 3.0647464651542613
55 80 -4
56 80 5.633382381937235
57 80 -9.040294042680403
58 80 19.62511840008253
59 80 -2.3416407864998727
60 80 -24.393358573360548
61 80 14.080588085360803
62 80 -11.19373666964622
122 80 7.957747154594767
44 81 -1.0645688331247305
45 81 1.0857391718119602
46 81 -1.1223262376343608
47 81 1.1764543126380946
48 81 -1.251475720321847
49 81 1.3524554516792795
50 81 -1.486992137840738
51 81 1.6666340026355715
52 81 -1.9094154425567453
53 81 2.2446524752687216
54 81 -2.722673664336409
55 81 3.4364879392953656
56 81 -4.576491222541475
57 81 6.595843317637233
58 81 -10.875491000442578
59 81 24.393358573360548
60 81 -4.323021091038456
61 81 -33.305583062249845
62 81 20.686413167760424
123 81 7.957747154594767
44 82 1.0315952575667748
45 82 -1.0514622242382672
46 82 1.0857391718119602
47 82 -1.136316175361649
48 82 1.2061538227492166
49 82 -1.2996787849316254
50 82 1.4234399113877099
51 82 -1.5872089866696821
52 82 1.8058837802800445
53 82 -2.1029244484765344
54 82 2.5169198323170865
55 82 -3.1150730316701027
56 82 4.023610412674953
57 82 -5.505527681884693
58 82 8.198410213930353
59 82 -14.080588085360803
60 82 33.305583062249845
61 82 -9.95959313953111
62 82 -54.597335464968
124 82 7.957747154594767
44 83 -1.0124651257880029
45 83 1.0315952575667748
46 83 -1.0645688331247305
47 83 1.1131485842854134
48 83 -1.180083642143991
49 83 1.2694595511018976
50 83 -1.3872715226476526
51 83 1.5423704569289365
52 83 -1.7480640977952844
53 83 2.0249302515760057
54 83 -2.406003820030182
55 83 2.9469344936085067
56 83 -3.747438806935635
57 83 5.001211689783976
58 83 -7.128052193506943
59 83 11.19373666964622
60 83 -20.686413167760424
61 83 54.597335464968
62 83 -40.36036120973254
125 83 7.957747154594767
44 84 .5030969793285541
45 84 -.5125428154684583
46 84 .5288189052807242
47 84 -.552786404500042
48 84 .585786437626905
49 84 -.6298080918412499
50 84 .6877624029724609
51 84 -.7639320225002103
52 84 .8647269086408724
53 84 -1
54 84 1.1854443532329604
55 84 -1.4472135954999579
56 84 1.8314699643925385
57 84 -2.425919998159591
58 84 3.4142135623730945
59 84 -5.236067977499787
60 84 9.174861087357636
61 84 -20.431729094530684
62 84 81.22381939879381
126 84 7.957747154594767
85 85 1
106 85 -267
107 85 -81.22381939879453
108 85 20.431729094530684
109 85 -9.174861087357645
110 85 5.236067977499791
111 85 -3.414213562373096
112 85 2.4259199981595914
113 85 -1.8314699643925387
114 85 1.447213595499958
115 85 -1.1854443532329608
116 85 1.0000000000000002
117 85 -.8647269086408728
118 85 .7639320225002103
119 85 -.6877624029724609
120 85 .62980809184125
121 85 -.585786437626905
122 85 .552786404500042
123 85 -.5288189052807242
124 85 .5125428154684583
125 85 -.5030969793285541
126 85 1
44 86 7.957747154594767
106 86 324.89527759517813
107 86 40.36036120973291
108 86 -54.597335464967834
109 86 20.686413167760424
110 86 -11.19373666964622
111 86 7.128052193506943
112 86 -5.001211689783976
113 86 3.747438806935635
114 86 -2.9469344936085067
115 86 2.406003820030183
116 86 -2.024930251576006
117 86 1.7480640977952848
118 86 -1.5423704569289365
119 86 1.3872715226476526
120 86 -1.2694595511018976
121 86 1.180083642143991
122 86 -1.1131485842854134
123 86 1.0645688331247305
124 86 -1.0315952575667748
125 86 1.0124651257880029
126 86 -2.0123879173142165
128 86 -7.957747154594767
45 87 7.957747154594767
106 87 -81.72691637812274
107 87 54.597335464967834
108 87 9.95959313953111
109 87 -33.3055830622499
110 87 14.080588085360814
111 87 -8.198410213930357
112 87 5.505527681884695
113 87 -4.0236104126749535
114 87 3.115073031670103
115 87 -2.516919832317088
116 87 2.102924448476535
117 87 -1.8058837802800447
118 87 1.5872089866696824
119 87 -1.4234399113877099
120 87 1.2996787849316254
121 87 -1.2061538227492166
122 87 1.1363161753616493
123 87 -1.0857391718119602
124 87 1.0514622242382672
125 87 -1.0315952575667748
126 87 2.050171261873833
129 87 -7.957747154594767
46 88 7.957747154594767
106 88 36.69944434943058
107 88 -20.686413167760424
108 88 33.3055830622499
109 88 4.323021091038461
110 88 -24.393358573360548
111 88 10.875491000442578
112 88 -6.595843317637233
113 88 4.576491222541475
114 88 -3.4364879392953656
115 88 2.72267366433641
116 88 -2.2446524752687216
117 88 1.9094154425567458
118 88 -1.6666340026355715
119 88 1.486992137840738
120 88 -1.3524554516792795
121 88 1.251475720321847
122 88 -1.1764543126380946
123 88 1.1223262376343608
124 88 -1.0857391718119602
125 88 1.0645688331247305
126 88 -2.1152756211228967
130 88 -7.957747154594767
47 89 7.957747154594767
106 89 -20.944271909999163
107 89 11.19373666964622
108 89 -14.080588085360814
109 89 24.393358573360548
110 89 2.341640786499874
111 89 -19.62511840008253
112 89 9.040294042680403
113 89 -5.633382381937235
114 89 4
115 89 -3.064746465154262
116 89 2.4721359549995796
117 89 -2.071569710207388
118 89 1.7888543819998317
119 89 -1.5835218787852228
120 89 1.4318419123191757
121 89 -1.3191535099166307
122 89 1.2360679774997896
123 89 -1.1764543126380946
124 89 1.136316175361649
125 89 -1.1131485842854134
126 89 2.211145618000168
131 89 -7.957747154594767
48 90 7.957747154594767
106 90 13.656854249492383
107 90 -7.128052193506943
108 90 8.198410213930357
109 90 -10.875491000442578
110 90 19.62511840008253
111 90 1.4142135623730954
112 90 -16.76143457544417
113 90 7.901506724761102
114 90 -5.023992240590989
115 90 3.6319239979163744
116 90 -2.8284271247461903
117 90 2.316044553446578
118 90 -1.968264150590148
119 90 1.722508555359629
120 90 -1.5445303147217202
121 90 1.4142135623730951
122 90 -1.3191535099166307
123 90 1.251475720321847
124 90 -1.2061538227492166
125 90 1.180083642143991
126 90 -2.34314575050762
132 90 -7.957747154594767
49 91 7.957747154594767
106 91 -9.703679992638365
107 91 5.001211689783976
108 91 -5.505527681884695
109 91 6.595843317637233
110 91 -9.040294042680403
111 91 16.76143457544417
112 91 .8980559531591708
113 91 -14.94826935913532
114 91 7.174417973339365
115 91 -4.636597542200507
116 91 3.4026032334081604
117 91 -2.6873784091182564
118 91 2.230146063340206
119 91 -1.9197989549084151
120 91 1.7013016167040798
121 91 -1.5445303147217202
122 91 1.4318419123191757
123 91 -1.3524554516792795
124 91 1.2996787849316254
125 91 -1.2694595511018976
126 91 2.5192323673649994
133 91 -7.957747154594767
50 92 7.957747154594767
106 92 7.325879857570155
107 92 -3.747438806935635
108 92 4.0236104126749535
109 92 -4.576491222541475
110 92 5.633382381937235
111 92 -7.901506724761102
112 92 14.94826935913532
113 92 .571853780710039
114 92 -13.795624207127528
115 92 6.721423082617111
116 92 -4.405378529170533
117 92 3.2764059718978538
118 92 -2.6212062337881665
119 92 2.2026892645852665
120 92 -1.9197989549084151
121 92 1.722508555359629
122 92 -1.5835218787852228
123 92 1.486992137840738
124 92 -1.4234399113877099
125 92 1.3872715226476526
126 92 -2.7510496118898438
134 92 -7.957747154594767
51 93 7.957747154594767
106 93 -5.788854381999832
107 93 2.9469344936085067
108 93 -3.115073031670103
109 93 3.4364879392953656
110 93 -4
111 93 5.023992240590989
112 93 -7.174417973339365
113 93 13.795624207127528
114 93 .34164078649987384
115 93 -13.10766054751032
116 93 6.47213595499958
117 93 -4.296903489169254
118 93 3.23606797749979
119 93 -2.6212062337881665
120 93 2.230146063340206
121 93 -1.968264150590148
122 93 1.7888543819998317
123 93 -1.6666340026355715
124 93 1.5872089866696821
125 93 -1.5423704569289365
126 93 3.0557280900008412
135 93 -7.957747154594767
52 94 7.957747154594767
106 94 4.741777412931843
107 94 -2.406003820030183
108 94 2.516919832317088
109 94 -2.72267366433641
110 94 3.064746465154262
111 94 -3.6319239979163744
112 94 4.636597542200507
113 94 -6.721423082617111
114 94 13.10766054751032
115 94 .16035872229604414
116 94 -12.784906442999324
117 94 6.392453221499666
118 94 -4.296903489169252
119 94 3.2764059718978524
120 94 -2.6873784091182555
121 94 2.3160445534465777
122 94 -2.0715697102073873
123 94 1.9094154425567453
124 94 -1.8058837802800445
125 94 1.7480640977952844
126 94 -3.4589076345634897
136 94 -7.957747154594767
53 95 7.957747154594767
106 95 -4.000000000000001
107 95 2.024930251576006
108 95 -2.102924448476535
109 95 2.2446524752687216
110 95 -2.4721359549995796
111 95 2.8284271247461903
112 95 -3.4026032334081604
113 95 4.405378529170533
114 95 -6.47213595499958
115 95 12.784906442999324
116 95 6.123233995736766e-17
117 95 -12.784906442999342
118 95 6.47213595499958
119 95 -4.405378529170533
120 95 3.4026032334081595
121 95 -2.82842712474619
122 95 2.472135954999579
123 95 -2.2446524752687216
124 95 2.1029244484765344
125 95 -2.0249302515760057
126 95 4
137 95 -7.957747154594767
54 96 7.957747154594767
106 96 3.458907634563491
107 96 -1.7480640977952848
108 96 1.8058837802800447
109 96 -1.9094154425567458
110 96 2.071569710207388
111 96 -2.316044553446578
112 96 2.6873784091182564
113 96 -3.2764059718978538
114 96 4.296903489169254
115 96 -6.392453221499666
116 96 12.784906442999342
117 96 -.16035872229604378
118 96 -13.107660547510301
119 96 6.721423082617106
120 96 -4.636597542200505
121 96 3.631923997916373
122 96 -3.0647464651542613
123 96 2.722673664336409
124 96 -2.5169198323170865
125 96 2.406003820030182
126 96 -4.7417774129318415
138 96 -7.957747154594767
55 97 7.957747154594767
106 97 -3.0557280900008412
107 97 1.5423704569289365
108 97 -1.5872089866696824
109 97 1.6666340026355715
110 97 -1.7888543819998317
111 97 1.968264150590148
112 97 -2.230146063340206
113 97 2.6212062337881665
114 97 -3.23606797749979
115 97 4.296903489169252
116 97 -6.47213595499958
117 97 13.107660547510301
118 97 -.3416407864998737
119 97 -13.795624207127528
120 97 7.174417973339365
121 97 -5.023992240590989
122 97 4
123 97 -3.4364879392953656
124 97 3.1150730316701027
125 97 -2.9469344936085067
126 97 5.7888543819998315
139 97 -7.957747154594767
56 98 7.957747154594767
106 98 2.7510496118898438
107 98 -1.3872715226476526
108 98 1.4234399113877099
109 98 -1.486992137840738
110 98 1.5835218787852228
111 98 -1.722508555359629
112 98 1.9197989549084151
113 98 -2.2026892645852665
114 98 2.6212062337881665
115 98 -3.2764059718978524
116 98 4.405378529170533
117 98 -6.721423082617106
118 98 13.795624207127528
119 98 -.5718537807100388
120 98 -14.94826935913532
121 98 7.901506724761102
122 98 -5.633382381937235
123 98 4.576491222541475
124 98 -4.023610412674953
125 98 3.747438806935635
126 98 -7.325879857570154
140 98 -7.957747154594767
57 99 7.957747154594767
106 99 -2.519232367365
107 99 1.2694595511018976
108 99 -1.2996787849316254
109 99 1.3524554516792795
110 99 -1.4318419123191757
111 99 1.5445303147217202
112 99 -1.7013016167040798
113 99 1.9197989549084151
114 99 -2.230146063340206
115 99 2.6873784091182555
116 99 -3.4026032334081595
117 99 4.636597542200505
118 99 -7.174417973339365
119 99 14.94826935913532
120 99 -.8980559531591704
121 99 -16.76143457544417
122 99 9.040294042680403
123 99 -6.595843317637233
124 99 5.505527681884693
125 99 -5.001211689783976
126 99 9.703679992638364
141 99 -7.957747154594767
58 100 7.957747154594767
106 100 2.34314575050762
107 100 -1.180083642143991
108 100 1.2061538227492166
109 100 -1.251475720321847
110 100 1.3191535099166307
111 100 -1.4142135623730951
112 100 1.5445303147217202
113 100 -1.722508555359629
114 100 1.968264150590148
115 100 -2.3160445534465777
116 100 2.82842712474619
117 100 -3.631923997916373
118 100 5.023992240590989
119 100 -7.901506724761102
120 100 16.76143457544417
121 100 -1.4142135623730947
122 100 -19.62511840008253
123 100 10.875491000442578
124 100 -8.198410213930353
125 100 7.128052193506943
126 100 -13.656854249492378
142 100 -7.957747154594767
59 101 7.957747154594767
106 101 -2.211145618000168
107 101 1.1131485842854134
108 101 -1.1363161753616493
109 101 1.1764543126380946
110 101 -1.2360679774997896
111 101 1.3191535099166307
112 101 -1.4318419123191757
113 101 1.5835218787852228
114 101 -1.7888543819998317
115 101 2.0715697102073873
116 101 -2.472135954999579
117 101 3.0647464651542613
118 101 -4
119 101 5.633382381937235
120 101 -9.040294042680403
121 101 19.62511840008253
122 101 -2.3416407864998727
123 101 -24.393358573360548
124 101 14.080588085360803
125 101 -11.19373666964622
126 101 20.94427190999915
143 101 -7.957747154594767
60 102 7.957747154594767
106 102 2.1152756211228967
107 102 -1.0645688331247305
108 102 1.0857391718119602
109 102 -1.1223262376343608
110 102 1.1764543126380946
111 102 -1.251475720321847
112 102 1.3524554516792795
113 102 -1.486992137840738
114 102 1.6666340026355715
115 102 -1.9094154425567453
116 102 2.2446524752687216
117 102 -2.722673664336409
118 102 3.4364879392953656
119 102 -4.576491222541475
120 102 6.595843317637233
121 102 -10.875491000442578
122 102 24.393358573360548
123 102 -4.323021091038456
124 102 -33.305583062249845
125 102 20.686413167760424
126 102 -36.69944434943054
144 102 -7.957747154594767
61 103 7.957747154594767
106 103 -2.050171261873833
107 103 1.0315952575667748
108 103 -1.0514622242382672
109 103 1.0857391718119602
110 103 -1.136316175361649
111 103 1.2061538227492166
112 103 -1.2996787849316254
113 103 1.4234399113877099
114 103 -1.5872089866696821
115 103 1.8058837802800445
116 103 -2.1029244484765344
117 103 2.5169198323170865
118 103 -3.1150730316701027
119 103 4.023610412674953
120 103 -5.505527681884693
121 103 8.198410213930353
122 103 -14.080588085360803
123 103 33.305583062249845
124 103 -9.95959313953111
125 103 -54.597335464968
126 103 81.72691637812274
145 103 -7.957747154594767
62 104 7.957747154594767
106 104 2.0123879173142165
107 104 -1.0124651257880029
108 104 1.0315952575667748
109 104 -1.0645688331247305
110 104 1.1131485842854134
111 104 -1.180083642143991
112 104 1.2694595511018976
113 104 -1.3872715226476526
114 104 1.5423704569289365
115 104 -1.7480640977952844
116 104 2.0249302515760057
117 104 -2.406003820030182
118 104 2.9469344936085067
119 104 -3.747438806935635
120 104 5.001211689783976
121 104 -7.128052193506943
122 104 11.19373666964622
123 104 -20.686413167760424
124 104 54.597335464968
125 104 -40.36036120973254
126 104 -324.89527759517523
146 104 -7.957747154594767
105 105 1
106 105 -1
107 105 .5030969793285541
108 105 -.5125428154684583
109 105 .5288189052807242
110 105 -.552786404500042
111 105 .585786437626905
112 105 -.6298080918412499
113 105 .6877624029724609
114 105 -.7639320225002103
115 105 .8647269086408724
116 105 -1
117 105 1.1854443532329604
118 105 -1.4472135954999579
119 105 1.8314699643925385
120 105 -2.425919998159591
121 105 3.4142135623730945
122 105 -5.236067977499787
123 105 9.174861087357636
124 105 -20.431729094530684
125 105 81.22381939879381
126 105 267
64 106 -7.957747154594767
86 106 -81.22381939879453
87 106 20.431729094530684
88 106 -9.174861087357645
89 106 5.236067977499791
90 106 -3.414213562373096
91 106 2.4259199981595914
92 106 -1.8314699643925387
93 106 1.447213595499958
94 106 -1.1854443532329608
95 106 1.0000000000000002
96 106 -.8647269086408728
97 106 .7639320225002103
98 106 -.6877624029724609
99 106 .62980809184125
100 106 -.585786437626905
101 106 .552786404500042
102 106 -.5288189052807242
103 106 .5125428154684583
104 106 -.5030969793285541
148 106 7.957747154594767
65 107 -7.957747154594767
86 107 40.36036120973291
87 107 -54.597335464967834
88 107 20.686413167760424
89 107 -11.19373666964622
90 107 7.128052193506943
91 107 -5.001211689783976
92 107 3.747438806935635
93 107 -2.9469344936085067
94 107 2.406003820030183
95 107 -2.024930251576006
96 107 1.7480640977952848
97 107 -1.5423704569289365
98 107 1.3872715226476526
99 107 -1.2694595511018976
100 107 1.180083642143991
101 107 -1.1131485842854134
102 107 1.0645688331247305
103 107 -1.0315952575667748
104 107 1.0124651257880029
149 107 7.957747154594767
66 108 -7.957747154594767
86 108 54.597335464967834
87 108 9.95959313953111
88 108 -33.3055830622499
89 108 14.080588085360814
90 108 -8.198410213930357
91 108 5.505527681884695
92 108 -4.0236104126749535
93 108 3.115073031670103
94 108 -2.516919832317088
95 108 2.102924448476535
96 108 -1.8058837802800447
97 108 1.5872089866696824
98 108 -1.4234399113877099
99 108 1.2996787849316254
100 108 -1.2061538227492166
101 108 1.1363161753616493
102 108 -1.0857391718119602
103 108 1.0514622242382672
104 108 -1.0315952575667748
150 108 7.957747154594767
67 109 -7.957747154594767
86 109 -20.686413167760424
87 109 33.3055830622499
88 109 4.323021091038461
89 109 -24.393358573360548
90 109 10.875491000442578
91 109 -6.595843317637233
92 109 4.576491222541475
93 109 -3.4364879392953656
94 109 2.72267366433641
95 109 -2.2446524752687216
96 109 1.9094154425567458
97 109 -1.6666340026355715
98 109 1.486992137840738
99 109 -1.3524554516792795
100 109 1.251475720321847
101 109 -1.1764543126380946
102 109 1.1223262376343608
103 109 -1.0857391718119602
104 109 1.0645688331247305
151 109 7.957747154594767
68 110 -7.957747154594767
86 110 11.19373666964622
87 110 -14.080588085360814
88 110 24.393358573360548
89 110 2.341640786499874
90 110 -19.62511840008253
91 110 9.040294042680403
92 110 -5.633382381937235
93 110 4
94 110 -3.064746465154262
95 110 2.4721359549995796
96 110 -2.071569710207388
97 110 1.7888543819998317
98 110 -1.5835218787852228
99 110 1.4318419123191757
100 110 -1.3191535099166307
101 110 1.2360679774997896
102 110 -1.1764543126380946
103 110 1.136316175361649
104 110 -1.1131485842854134
152 110 7.957747154594767
69 111 -7.957747154594767
86 111 -7.128052193506943
87 111 8.198410213930357
88 111 -10.875491000442578
89 111 19.62511840008253
90 111 1.4142135623730954
91 111 -16.76143457544417
92 111 7.901506724761102
93 111 -5.023992240590989
94 111 3.6319239979163744
95 111 -2.8284271247461903
96 111 2.316044553446578
97 111 -1.968264150590148
98 111 1.722508555359629
99 111 -1.5445303147217202
100 111 1.4142135623730951
101 111 -1.3191535099166307
102 111 1.251475720321847
103 111 -1.2061538227492166
104 111 1.180083642143991
153 111 7.957747154594767
70 112 -7.957747154594767
86 112 5.001211689783976
87 112 -5.505527681884695
88 112 6.595843317637233
89 112 -9.040294042680403
90 112 16.76143457544417
91 112 .8980559531591708
92 112 -14.94826935913532
93 112 7.174417973339365
94 112 -4.636597542200507
95 112 3.4026032334081604
