%%MatrixMarket matrix coordinate real general
%-------------------------------------------------------------------------------
% UF Sparse Matrix Collection, Tim Davis
% http://www.cise.ufl.edu/research/sparse/matrices/FIDAP/ex20
% name: FIDAP/ex20
% [ TEST MATRIX FROM FIDAP: EX20.MAT]
% id: 417
% date: 1994
% author: A. Baggag, Y. Saad
% ed: A. Baggag, Y. Saad
% fields: title A Zeros name id date author ed kind
% kind: computational fluid dynamics problem
%-------------------------------------------------------------------------------
2203 2203 69981
1 1 .000447366066464457
25 1 6.17186478773333e-6
64 1 -4.44444444444467e-6
65 1 -4.42585921115611e-5
66 1 1.77777777777792e-5
67 1 8.23453194359058e-5
68 1 -7.71483098400006e-6
69 1 7.71483098506665e-6
70 1 -5.14322065600002e-6
71 1 -1.33333333333346e-5
72 1 .000188349453889427
73 1 3.08593239360003e-6
108 1 1.11111111111109e-6
109 1 2.44336599335904e-5
110 1 -4.44444444444442e-6
111 1 -4.578138747251e-5
112 1 3.33333333333332e-6
113 1 -.000103392182457909
114 1 -1.54296619733334e-6
2 2 .00704243376661054
3 2 -4.44089209850062e-20
4 2 .000839158455564114
26 2 -8.88178419700124e-20
27 2 7.11111111111116e-5
28 2 -6.66133814775094e-20
74 2 .000634505408500446
75 2 1.77635683940025e-19
76 2 7.41699554029996e-5
77 2 -1.77777777777779e-5
2 3 -4.44089209850062e-20
3 3 .00691162794091235
4 3 1.55431223447522e-19
5 3 .000781661962089623
26 3 4.44089209850062e-20
27 3 2.22044604925031e-20
28 3 4.11457652622223e-5
74 3 -4.44089209850062e-20
75 3 .000741054086597612
76 3 -1.77777777777778e-5
77 3 8.23453195055897e-5
2 4 .000839158455564114
3 4 1.55431223447522e-19
4 4 .00354590434246263
5 4 2.67147415300428e-19
6 4 .000839158455564138
7 4 3.33066907387547e-20
8 4 -.000431922957360715
9 4 -1.11022302462515e-20
26 4 -8.88178419700124e-20
27 4 1.77777777777775e-5
28 4 -4.44089209850062e-20
29 4 -2.66453525910037e-19
30 4 1.77777777777788e-5
31 4 2.49800180540659e-19
74 4 7.41699554030009e-5
75 4 1.77777777777777e-5
76 4 .000320338636645951
77 4 -1.0842021724855e-19
78 4 7.41699554030004e-5
79 4 -1.7777777777778e-5
80 4 -3.86279438993652e-5
81 4 4.44444444444459e-6
3 5 .000781661962089623
4 5 2.67147415300428e-19
5 5 .00350518888877087
6 5 -8.88178419700124e-20
7 5 .000781661962089644
9 5 -.000415518440202134
26 5 -3.08593239466664e-5
27 5 -2.133238030666e-15
28 5 -2.05728826311111e-5
29 5 3.08593239466669e-5
30 5 2.13322970399332e-15
31 5 -2.05728826311112e-5
74 5 1.77777777777776e-5
75 5 8.2345319505591e-5
76 5 4.87890977618477e-19
77 5 .000376698908090268
78 5 -1.7777777777778e-5
79 5 8.23453195055923e-5
80 5 4.44444444444453e-6
81 5 -4.42585921485274e-5
4 6 .000839158455564138
5 6 -8.88178419700124e-20
6 6 .0070424337666106
7 6 -6.66133814775094e-20
8 6 .000839158455564096
9 6 5.55111512312577e-21
29 6 4.44089209850062e-20
30 6 7.11111111111112e-5
76 6 7.41699554030013e-5
77 6 1.77777777777778e-5
78 6 .000634505408500446
79 6 3.10862446895043e-19
80 6 7.41699554029957e-5
81 6 -1.77777777777783e-5
4 7 3.33066907387547e-20
5 7 .000781661962089644
6 7 -6.66133814775094e-20
7 7 .00691162794091241
8 7 5.55111512312579e-20
9 7 .000781661962089602
29 7 1.99840144432528e-19
30 7 2.22044604925031e-20
31 7 4.11457652622225e-5
76 7 1.77777777777778e-5
77 7 8.23453195055923e-5
78 7 2.22044604925032e-19
79 7 .000741054086597612
80 7 -1.77777777777781e-5
81 7 8.23453195055858e-5
4 8 -.000431922957360715
6 8 .000839158455564096
7 8 5.55111512312579e-20
8 8 .0035459043424626
9 8 2.76861866765897e-19
10 8 .000839158455564138
11 8 -1.16573417585641e-19
12 8 -.000431922957360723
13 8 4.44089209850062e-20
29 8 -1.77635683940025e-19
30 8 1.77777777777768e-5
31 8 -2.22044604925032e-19
32 8 -4.32986979603811e-19
33 8 1.77777777777793e-5
34 8 3.60822483003176e-19
76 8 -3.86279438993661e-5
77 8 -4.44444444444442e-6
78 8 7.41699554029978e-5
79 8 1.77777777777776e-5
80 8 .000320338636645946
81 8 4.33680868994202e-19
82 8 7.41699554029974e-5
83 8 -1.77777777777786e-5
84 8 -3.86279438993645e-5
85 8 4.44444444444464e-6
4 9 -1.11022302462515e-20
5 9 -.000415518440202134
6 9 5.55111512312577e-21
7 9 .000781661962089602
8 9 2.76861866765897e-19
9 9 .00350518888877084
10 9 -2.8865798640254e-19
11 9 .000781661962089644
12 9 8.88178419700124e-20
13 9 -.000415518440202142
29 9 -3.08593239466666e-5
30 9 -2.13324913289624e-15
31 9 -2.05728826311112e-5
32 9 3.08593239466664e-5
33 9 2.13324358178112e-15
34 9 -2.05728826311112e-5
76 9 -4.44444444444442e-6
77 9 -4.42585921485276e-5
78 9 1.77777777777775e-5
79 9 8.23453195055871e-5
80 9 5.42101086242752e-19
81 9 .000376698908090263
82 9 -1.77777777777783e-5
83 9 8.23453195055905e-5
84 9 4.44444444444459e-6
85 9 -4.4258592148527e-5
8 10 .000839158455564138
9 10 -2.8865798640254e-19
10 10 .00704243376661068
11 10 4.21884749357559e-19
12 10 .000839158455564131
13 10 -1.83186799063151e-19
32 10 -2.22044604925032e-19
33 10 7.11111111111121e-5
34 10 4.21884749357559e-19
80 10 7.41699554030039e-5
81 10 1.77777777777775e-5
82 10 .000634505408500446
83 10 1.11022302462515e-18
84 10 7.41699554029948e-5
85 10 -1.77777777777785e-5
8 11 -1.16573417585641e-19
9 11 .000781661962089644
10 11 4.21884749357559e-19
11 11 .00691162794091249
12 11 -2.66453525910037e-19
13 11 .000781661962089637
32 11 6.66133814775094e-20
33 11 4.44089209850062e-20
34 11 4.11457652622223e-5
80 11 1.77777777777775e-5
81 11 8.2345319505594e-5
82 11 1.02140518265514e-18
83 11 .000741054086597616
84 11 -1.77777777777786e-5
85 11 8.23453195055866e-5
8 12 -.000431922957360723
9 12 8.88178419700124e-20
10 12 .000839158455564131
11 12 -2.66453525910037e-19
12 12 .00354590434246253
13 12 2.24126273096203e-19
14 12 .000839158455564062
15 12 1.72084568816899e-19
16 12 -.000431922957360711
17 12 -8.32667268468864e-20
32 12 -5.32907051820075e-19
33 12 1.7777777777777e-5
34 12 -5.32907051820075e-19
35 12 -4.21884749357559e-19
36 12 1.7777777777778e-5
37 12 1.0547118733939e-19
80 12 -3.86279438993671e-5
81 12 -4.44444444444431e-6
82 12 7.41699554030017e-5
83 12 1.77777777777774e-5
84 12 .000320338636645941
85 12 9.75781955236954e-19
86 12 7.41699554029922e-5
87 12 -1.77777777777786e-5
88 12 -3.86279438993639e-5
89 12 4.44444444444469e-6
8 13 4.44089209850062e-20
9 13 -.000415518440202142
10 13 -1.83186799063151e-19
11 13 .000781661962089637
12 13 2.24126273096203e-19
13 13 .00350518888877077
14 13 -5.55111512312577e-21
15 13 .000781661962089571
16 13 -3.33066907387547e-20
17 13 -.00041551844020213
32 13 -3.08593239466664e-5
33 13 -2.13324913289624e-15
34 13 -2.05728826311112e-5
35 13 3.08593239466666e-5
36 13 2.13322692843576e-15
37 13 -2.05728826311111e-5
80 13 -4.44444444444429e-6
81 13 -4.42585921485285e-5
82 13 1.77777777777771e-5
83 13 8.23453195055897e-5
84 13 1.0842021724855e-18
85 13 .000376698908090257
86 13 -1.77777777777785e-5
87 13 8.23453195055849e-5
88 13 4.44444444444469e-6
89 13 -4.42585921485268e-5
12 14 .000839158455564062
13 14 -5.55111512312577e-21
14 14 .00704243376661057
15 14 -2.44249065417534e-19
16 14 .000839158455564148
17 14 2.77555756156288e-19
35 14 4.44089209850062e-20
36 14 7.11111111111121e-5
37 14 4.66293670342564e-19
84 14 7.41699554029991e-5
85 14 1.7777777777777e-5
86 14 .000634505408500446
87 14 1.82076576038525e-18
88 14 7.41699554029961e-5
89 14 -1.7777777777779e-5
12 15 1.72084568816899e-19
13 15 .000781661962089571
14 15 -2.44249065417534e-19
15 15 .00691162794091238
16 15 1.66533453693773e-19
17 15 .000781661962089654
35 15 4.44089209850062e-20
36 15 4.44089209850062e-20
37 15 4.11457652622223e-5
84 15 1.77777777777773e-5
85 15 8.23453195055879e-5
86 15 1.82076576038525e-18
87 15 .000741054086597612
88 15 -1.7777777777779e-5
89 15 8.23453195055897e-5
12 16 -.000431922957360711
13 16 -3.33066907387547e-20
14 16 .000839158455564148
15 16 1.66533453693773e-19
16 16 .00354590434246266
17 16 3.05311331771915e-20
18 16 .000839158455564135
19 16 -5.55111512312577e-21
20 16 -.00043192295736072
21 16 -1.11022302462512e-20
35 16 -8.88178419700124e-20
36 16 1.77777777777774e-5
37 16 -2.22044604925032e-19
38 16 -1.11022302462515e-18
39 16 1.777777777778e-5
40 16 1.0769163338864e-18
84 16 -3.86279438993678e-5
85 16 -4.44444444444418e-6
86 16 7.41699554030108e-5
87 16 1.77777777777767e-5
88 16 .000320338636645941
89 16 1.46367293285543e-18
90 16 7.41699554029883e-5
91 16 -1.77777777777789e-5
92 16 -3.86279438993613e-5
93 16 4.44444444444459e-6
12 17 -8.32667268468864e-20
13 17 -.00041551844020213
14 17 2.77555756156288e-19
15 17 .000781661962089654
16 17 3.05311331771915e-20
17 17 .0035051888887709
18 17 -1.55431223447522e-19
19 17 .00078166196208964
20 17 5.55111512312609e-21
21 17 -.000415518440202139
35 17 -3.08593239466664e-5
36 17 -2.1332602351265e-15
37 17 -2.05728826311111e-5
38 17 3.08593239466666e-5
39 17 2.13323247955088e-15
40 17 -2.05728826311112e-5
84 17 -4.44444444444421e-6
85 17 -4.42585921485287e-5
86 17 1.77777777777768e-5
87 17 8.23453195055975e-5
88 17 1.68051336735253e-18
89 17 .000376698908090259
90 17 -1.77777777777787e-5
91 17 8.23453195055827e-5
92 17 4.44444444444459e-6
93 17 -4.42585921485237e-5
16 18 .000839158455564135
17 18 -1.55431223447522e-19
18 18 .00704243376661062
19 18 -2.22044604925032e-19
20 18 .000839158455564117
21 18 6.10622663543834e-20
38 18 -1.11022302462515e-18
39 18 7.11111111111108e-5
40 18 1.55431223447522e-19
88 18 7.4169955403003e-5
89 18 1.7777777777777e-5
90 18 .000634505408500435
91 18 1.64313007644523e-18
92 18 7.41699554029857e-5
93 18 -1.77777777777786e-5
16 19 -5.55111512312577e-21
17 19 .00078166196208964
18 19 -2.22044604925032e-19
19 19 .00691162794091246
20 19 1.99840144432528e-19
21 19 .000781661962089623
38 19 4.44089209850062e-20
39 19 -2.22044604925031e-20
40 19 4.11457652622225e-5
88 19 1.77777777777769e-5
89 19 8.23453195055897e-5
90 19 1.55431223447522e-18
91 19 .000741054086597602
92 19 -1.77777777777786e-5
93 19 8.23453195055771e-5
16 20 -.00043192295736072
17 20 5.55111512312609e-21
18 20 .000839158455564117
19 20 1.99840144432528e-19
20 20 .00354590434246267
21 20 5.39845945723981e-19
22 20 .000839158455564155
23 20 -3.9412917374193e-19
24 20 -.000431922957360725
38 20 -6.21724893790087e-19
39 20 1.77777777777758e-5
40 20 -7.99360577730111e-19
41 20 -1.18793863634892e-18
42 20 1.77777777777817e-5
43 20 7.32747196252603e-19
44 20 9.99200722162639e-20
88 20 -3.86279438993648e-5
89 20 -4.44444444444434e-6
90 20 7.4169955402997e-5
91 20 1.77777777777773e-5
92 20 .000320338636645942
93 20 1.19262238973405e-18
94 20 7.41699554029952e-5
95 20 -1.77777777777792e-5
96 20 -3.86279438993637e-5
97 20 4.44444444444483e-6
16 21 -1.11022302462512e-20
17 21 -.000415518440202139
18 21 6.10622663543834e-20
19 21 .000781661962089623
20 21 5.39845945723981e-19
21 21 .00350518888877091
22 21 -5.99520433297583e-19
23 21 .000781661962089661
24 21 1.33226762955019e-19
25 21 0
38 21 -3.08593239466666e-5
39 21 -2.13327133735674e-15
40 21 -2.05728826311112e-5
41 21 3.08593239466666e-5
42 21 2.13329076625967e-15
43 21 -2.05728826311112e-5
44 21 -.000415518440202144
73 21 0
88 21 -4.44444444444434e-6
89 21 -4.42585921485255e-5
90 21 1.7777777777777e-5
91 21 8.23453195055827e-5
92 21 1.51788304147971e-18
93 21 .000376698908090259
94 21 -1.77777777777791e-5
95 21 8.23453195055918e-5
96 21 4.44444444444483e-6
97 21 -4.4258592148527e-5
114 21 0
20 22 .000839158455564155
21 22 -5.99520433297583e-19
22 22 .00704243376661068
23 22 8.21565038222615e-19
24 22 .00083915845556411
41 22 -1.02140518265514e-18
42 22 7.11111111111134e-5
43 22 2.04281036531028e-18
44 22 -2.1094237467878e-19
92 22 7.41699554030113e-5
93 22 1.77777777777767e-5
94 22 .000634505408500456
95 22 2.48689957516035e-18
96 22 7.41699554029896e-5
97 22 -1.77777777777792e-5
20 23 -3.9412917374193e-19
21 23 .000781661962089661
22 23 8.21565038222615e-19
23 23 .00691162794091249
24 23 -3.16413562018169e-19
25 23 0
41 23 2.22044604925031e-20
43 23 4.11457652622223e-5
44 23 .000781661962089619
73 23 0
92 23 1.77777777777768e-5
93 23 8.23453195056001e-5
94 23 2.30926389122032e-18
95 23 .000741054086597626
96 23 -1.77777777777791e-5
97 23 8.23453195055819e-5
114 23 0
20 24 -.000431922957360725
21 24 1.33226762955019e-19
22 24 .00083915845556411
23 24 -3.16413562018169e-19
24 24 .00354590434246252
41 24 1.24344978758017e-18
42 24 1.77777777777743e-5
43 24 3.99680288865055e-19
44 24 3.69843045078255e-19
45 24 .000839158455564065
46 24 -2.55351295663786e-19
47 24 -6.77236045021345e-19
48 24 1.77777777777801e-5
49 24 4.71844785465692e-19
50 24 -.000431922957360723
51 24 5.55111512312577e-21
92 24 -3.86279438993693e-5
93 24 -4.44444444444412e-6
94 24 7.4169955403003e-5
95 24 1.77777777777767e-5
96 24 .000320338636645942
97 24 1.95156391047391e-18
98 24 7.41699554029913e-5
99 24 -1.77777777777792e-5
100 24 -3.86279438993615e-5
101 24 4.44444444444483e-6
1 25 .40326377994333
21 25 5.14322065600021e-8
23 25 2.05728826240009e-7
25 25 -.0154296619693332
44 25 1.02864413120003e-7
46 25 2.05728826240007e-7
51 25 1.02864413120005e-7
53 25 2.05728826240014e-7
58 25 1.02864413120012e-7
60 25 2.05728826240008e-7
65 25 1.02864413120008e-7
67 25 2.05728826240012e-7
72 25 -.460872722360895
73 25 -.00771483098400005
93 25 -2.57161032888894e-8
95 25 -1.02864413155557e-7
97 25 -5.14322065777766e-8
99 25 -1.02864413155554e-7
101 25 -5.14322065777783e-8
103 25 -1.02864413155557e-7
105 25 -5.14322065777783e-8
107 25 -1.02864413155551e-7
109 25 -5.14322065777749e-8
111 25 -1.02864413155556e-7
113 25 .0576090709980781
114 25 .00385741549333332
2 26 -8.88178419700124e-20
3 26 4.44089209850062e-20
4 26 -8.88178419700124e-20
5 26 -3.08593239466664e-5
26 26 0
74 26 -5.33333333333334e-5
75 26 -4.44089209850062e-20
76 26 -1.33333333333334e-5
77 26 -7.71483098933331e-6
2 27 7.11111111111116e-5
3 27 2.22044604925031e-20
4 27 1.77777777777775e-5
5 27 -2.133238030666e-15
27 27 0
74 27 -3.55555555555556e-5
75 27 -4.44089209850062e-20
76 27 -8.88888888888885e-6
77 27 -7.71483098826667e-6
2 28 -6.66133814775094e-20
3 28 4.11457652622223e-5
4 28 -4.44089209850062e-20
5 28 -2.05728826311111e-5
28 28 0
74 28 2.44249065417534e-19
75 28 1.02864413191111e-5
76 28 -1.33333333333334e-5
77 28 -5.14322065955556e-6
4 29 -2.66453525910037e-19
5 29 3.08593239466669e-5
6 29 4.44089209850062e-20
7 29 1.99840144432528e-19
8 29 -1.77635683940025e-19
9 29 -3.08593239466666e-5
29 29 0
76 29 -1.33333333333337e-5
77 29 7.71483098933342e-6
78 29 -5.33333333333332e-5
80 29 -1.33333333333331e-5
81 29 -7.71483098933336e-6
4 30 1.77777777777788e-5
5 30 2.13322970399332e-15
6 30 7.11111111111112e-5
7 30 2.22044604925031e-20
8 30 1.77777777777768e-5
9 30 -2.13324913289624e-15
30 30 0
76 30 -8.88888888888928e-6
77 30 7.71483098826667e-6
78 30 -3.55555555555556e-5
79 30 -2.22044604925031e-20
80 30 -8.88888888888868e-6
81 30 -7.71483098826672e-6
4 31 2.49800180540659e-19
5 31 -2.05728826311112e-5
7 31 4.11457652622225e-5
8 31 -2.22044604925032e-19
9 31 -2.05728826311112e-5
31 31 0
76 31 1.33333333333334e-5
77 31 -5.14322065955561e-6
78 31 8.65973959207622e-19
79 31 1.02864413191111e-5
80 31 -1.33333333333333e-5
81 31 -5.14322065955561e-6
8 32 -4.32986979603811e-19
9 32 3.08593239466664e-5
10 32 -2.22044604925032e-19
11 32 6.66133814775094e-20
12 32 -5.32907051820075e-19
13 32 -3.08593239466664e-5
32 32 0
80 32 -1.33333333333332e-5
81 32 7.71483098933331e-6
82 32 -5.33333333333343e-5
83 32 4.44089209850062e-20
84 32 -1.33333333333338e-5
85 32 -7.71483098933342e-6
8 33 1.77777777777793e-5
9 33 2.13324358178112e-15
10 33 7.11111111111121e-5
11 33 4.44089209850062e-20
12 33 1.7777777777777e-5
13 33 -2.13324913289624e-15
33 33 0
80 33 -8.88888888888895e-6
81 33 7.71483098826667e-6
82 33 -3.5555555555556e-5
83 33 4.44089209850062e-20
84 33 -8.88888888888906e-6
85 33 -7.71483098826672e-6
8 34 3.60822483003176e-19
9 34 -2.05728826311112e-5
10 34 4.21884749357559e-19
11 34 4.11457652622223e-5
12 34 -5.32907051820075e-19
13 34 -2.05728826311112e-5
34 34 0
80 34 1.33333333333328e-5
81 34 -5.14322065955553e-6
82 34 1.55431223447522e-18
83 34 1.0286441319111e-5
84 34 -1.33333333333339e-5
85 34 -5.14322065955556e-6
12 35 -4.21884749357559e-19
13 35 3.08593239466666e-5
14 35 4.44089209850062e-20
15 35 4.44089209850062e-20
16 35 -8.88178419700124e-20
17 35 -3.08593239466664e-5
35 35 0
84 35 -1.33333333333322e-5
85 35 7.71483098933336e-6
86 35 -5.33333333333323e-5
87 35 4.44089209850062e-20
88 35 -1.33333333333351e-5
89 35 -7.71483098933342e-6
12 36 1.7777777777778e-5
13 36 2.13322692843576e-15
14 36 7.11111111111121e-5
15 36 4.44089209850062e-20
16 36 1.77777777777774e-5
17 36 -2.1332602351265e-15
36 36 0
84 36 -8.88888888888841e-6
85 36 7.71483098826667e-6
86 36 -3.55555555555552e-5
87 36 4.44089209850062e-20
88 36 -8.88888888889009e-6
89 36 -7.71483098826672e-6
12 37 1.0547118733939e-19
13 37 -2.05728826311111e-5
14 37 4.66293670342564e-19
15 37 4.11457652622223e-5
16 37 -2.22044604925032e-19
17 37 -2.05728826311111e-5
37 37 0
84 37 1.33333333333319e-5
85 37 -5.14322065955558e-6
86 37 1.88737914186277e-18
87 37 1.02864413191111e-5
88 37 -1.33333333333349e-5
89 37 -5.14322065955561e-6
16 38 -1.11022302462515e-18
17 38 3.08593239466666e-5
18 38 -1.11022302462515e-18
19 38 4.44089209850062e-20
20 38 -6.21724893790087e-19
21 38 -3.08593239466666e-5
38 38 0
88 38 -1.33333333333316e-5
89 38 7.71483098933336e-6
90 38 -5.33333333333338e-5
91 38 4.44089209850062e-20
92 38 -1.33333333333336e-5
93 38 -7.71483098933336e-6
16 39 1.777777777778e-5
17 39 2.13323247955088e-15
18 39 7.11111111111108e-5
19 39 -2.22044604925031e-20
20 39 1.77777777777758e-5
21 39 -2.13327133735674e-15
39 39 0
88 39 -8.88888888888798e-6
89 39 7.71483098826662e-6
90 39 -3.55555555555556e-5
91 39 2.22044604925031e-20
92 39 -8.88888888888868e-6
93 39 -7.71483098826672e-6
16 40 1.0769163338864e-18
17 40 -2.05728826311112e-5
18 40 1.55431223447522e-19
19 40 4.11457652622225e-5
20 40 -7.99360577730111e-19
21 40 -2.05728826311112e-5
40 40 0
88 40 1.33333333333318e-5
89 40 -5.14322065955558e-6
90 40 2.26485497023532e-18
91 40 1.02864413191111e-5
92 40 -1.33333333333335e-5
93 40 -5.14322065955558e-6
20 41 -1.18793863634892e-18
21 41 3.08593239466666e-5
22 41 -1.02140518265514e-18
23 41 2.22044604925031e-20
24 41 1.24344978758017e-18
41 41 0
44 41 -3.08593239466666e-5
92 41 -1.33333333333326e-5
93 41 7.71483098933342e-6
94 41 -5.33333333333343e-5
95 41 -4.44089209850062e-20
96 41 -1.33333333333344e-5
97 41 -7.71483098933336e-6
20 42 1.77777777777817e-5
21 42 2.13329076625967e-15
22 42 7.11111111111134e-5
24 42 1.77777777777743e-5
42 42 0
44 42 -2.1332602351265e-15
92 42 -8.88888888888917e-6
93 42 7.71483098826667e-6
94 42 -3.55555555555563e-5
95 42 -4.44089209850062e-20
96 42 -8.88888888888879e-6
97 42 -7.71483098826672e-6
20 43 7.32747196252603e-19
21 43 -2.05728826311112e-5
22 43 2.04281036531028e-18
23 43 4.11457652622223e-5
24 43 3.99680288865055e-19
43 43 0
44 43 -2.05728826311112e-5
92 43 1.33333333333322e-5
93 43 -5.14322065955558e-6
94 43 3.44169137633799e-18
95 43 1.02864413191111e-5
96 43 -1.33333333333348e-5
97 43 -5.14322065955558e-6
20 44 9.99200722162639e-20
21 44 -.000415518440202144
22 44 -2.1094237467878e-19
23 44 .000781661962089619
24 44 3.69843045078255e-19
25 44 0
41 44 -3.08593239466666e-5
42 44 -2.1332602351265e-15
43 44 -2.05728826311112e-5
44 44 .00350518888877077
45 44 -2.72004641033163e-19
46 44 .000781661962089571
47 44 3.08593239466666e-5
48 44 2.13324358178112e-15
49 44 -2.05728826311111e-5
50 44 3.88578058618804e-20
51 44 -.000415518440202144
73 44 0
92 44 -4.4444444444441e-6
93 44 -4.42585921485298e-5
94 44 1.77777777777765e-5
95 44 8.23453195055884e-5
96 44 1.78893358460108e-18
97 44 .000376698908090259
98 44 -1.77777777777789e-5
99 44 8.23453195055862e-5
100 44 4.4444444444448e-6
101 44 -4.42585921485246e-5
114 44 0
24 45 .000839158455564065
44 45 -2.72004641033163e-19
45 45 .00704243376661046
46 45 1.11022302462516e-19
47 45 -6.21724893790087e-19
48 45 7.11111111111095e-5
49 45 5.99520433297583e-19
50 45 .00083915845556419
51 45 7.77156117237609e-20
96 45 7.41699554030078e-5
97 45 1.77777777777765e-5
98 45 .000634505408500428
99 45 2.48689957516035e-18
100 45 7.41699554029857e-5
101 45 -1.77777777777791e-5
24 46 -2.55351295663786e-19
25 46 0
44 46 .000781661962089571
45 46 1.11022302462516e-19
46 46 .00691162794091227
47 46 4.44089209850062e-20
49 46 4.11457652622223e-5
50 46 1.4432899320127e-19
51 46 .000781661962089699
73 46 0
96 46 1.77777777777765e-5
97 46 8.23453195055953e-5
98 46 2.53130849614535e-18
99 46 .000741054086597592
100 46 -1.7777777777779e-5
101 46 8.23453195055775e-5
114 46 0
24 47 -6.77236045021345e-19
44 47 3.08593239466666e-5
45 47 -6.21724893790087e-19
46 47 4.44089209850062e-20
47 47 0
50 47 1.77635683940025e-19
51 47 -3.08593239466666e-5
96 47 -1.33333333333317e-5
97 47 7.71483098933336e-6
98 47 -5.33333333333323e-5
99 47 4.44089209850062e-20
100 47 -1.33333333333346e-5
101 47 -7.71483098933336e-6
24 48 1.77777777777801e-5
44 48 2.13324358178112e-15
45 48 7.11111111111095e-5
48 48 0
50 48 1.77777777777748e-5
51 48 -2.13324913289624e-15
96 48 -8.88888888888841e-6
97 48 7.71483098826667e-6
98 48 -3.55555555555547e-5
99 48 4.44089209850062e-20
100 48 -8.88888888888868e-6
101 48 -7.71483098826672e-6
24 49 4.71844785465692e-19
44 49 -2.05728826311111e-5
45 49 5.99520433297583e-19
46 49 4.11457652622223e-5
49 49 0
50 49 -8.88178419700124e-20
51 49 -2.05728826311111e-5
96 49 1.33333333333313e-5
97 49 -5.14322065955558e-6
98 49 3.06421554796543e-18
99 49 1.02864413191111e-5
100 49 -1.33333333333348e-5
101 49 -5.14322065955558e-6
24 50 -.000431922957360723
44 50 3.88578058618804e-20
45 50 .00083915845556419
46 50 1.4432899320127e-19
47 50 1.77635683940025e-19
48 50 1.77777777777748e-5
49 50 -8.88178419700124e-20
50 50 .00354590434246266
51 50 -2.70616862252383e-19
52 50 .000839158455564089
53 50 2.72004641033163e-19
54 50 -1.27675647831892e-18
55 50 1.77777777777807e-5
56 50 6.88338275267595e-19
57 50 -.000431922957360713
58 50 5.55111512312579e-20
96 50 -3.86279438993674e-5
97 50 -4.44444444444407e-6
98 50 7.4169955403e-5
99 50 1.77777777777766e-5
100 50 .000320338636645946
101 50 1.35525271560688e-18
102 50 7.41699554030017e-5
103 50 -1.77777777777788e-5
104 50 -3.86279438993643e-5
105 50 4.44444444444475e-6
24 51 5.55111512312577e-21
25 51 0
44 51 -.000415518440202144
45 51 7.77156117237609e-20
46 51 .000781661962089699
47 51 -3.08593239466666e-5
48 51 -2.13324913289624e-15
49 51 -2.05728826311111e-5
50 51 -2.70616862252383e-19
51 51 .0035051888887709
52 51 1.83186799063151e-19
53 51 .000781661962089595
54 51 3.08593239466666e-5
55 51 2.13325745956893e-15
56 51 -2.05728826311112e-5
57 51 7.21644966006349e-20
58 51 -.00041551844020213
73 51 0
96 51 -4.44444444444407e-6
97 51 -4.42585921485276e-5
98 51 1.77777777777764e-5
99 51 8.23453195055845e-5
100 51 1.51788304147971e-18
101 51 .000376698908090264
102 51 -1.77777777777786e-5
103 51 8.23453195055962e-5
104 51 4.44444444444472e-6
105 51 -4.42585921485274e-5
114 51 0
50 52 .000839158455564089
51 52 1.83186799063151e-19
52 52 .00704243376661065
53 52 5.32907051820075e-19
54 52 7.54951656745107e-19
55 52 7.11111111111142e-5
56 52 1.04360964314764e-18
57 52 .000839158455564121
58 52 -6.77236045021345e-19
100 52 7.41699554030095e-5
101 52 1.7777777777777e-5
102 52 .000634505408500453
103 52 1.82076576038525e-18
104 52 7.41699554029879e-5
105 52 -1.77777777777791e-5
25 53 0
50 53 2.72004641033163e-19
51 53 .000781661962089595
52 53 5.32907051820075e-19
53 53 .00691162794091246
54 53 1.11022302462516e-19
55 53 2.22044604925031e-20
56 53 4.11457652622223e-5
57 53 -7.43849426498853e-19
58 53 .00078166196208963
73 53 0
100 53 1.77777777777774e-5
101 53 8.23453195056001e-5
102 53 1.73194791841524e-18
103 53 .000741054086597623
104 53 -1.77777777777791e-5
105 53 8.23453195055806e-5
114 53 0
50 54 -1.27675647831892e-18
51 54 3.08593239466666e-5
52 54 7.54951656745107e-19
53 54 1.11022302462516e-19
54 54 0
58 54 -3.08593239466669e-5
100 54 -1.33333333333331e-5
101 54 7.71483098933347e-6
102 54 -5.33333333333334e-5
103 54 -4.44089209850062e-20
104 54 -1.33333333333346e-5
105 54 -7.71483098933342e-6
50 55 1.77777777777807e-5
51 55 2.13325745956893e-15
52 55 7.11111111111142e-5
53 55 2.22044604925031e-20
55 55 0
57 55 1.77777777777749e-5
58 55 -2.1332602351265e-15
100 55 -8.88888888888966e-6
101 55 7.71483098826672e-6
102 55 -3.5555555555556e-5
103 55 -4.44089209850062e-20
104 55 -8.88888888888901e-6
105 55 -7.71483098826672e-6
50 56 6.88338275267595e-19
51 56 -2.05728826311112e-5
52 56 1.04360964314764e-18
53 56 4.11457652622223e-5
56 56 0
57 56 -1.33226762955019e-19
58 56 -2.05728826311112e-5
100 56 1.33333333333325e-5
101 56 -5.14322065955558e-6
102 56 2.59792187762286e-18
103 56 1.02864413191111e-5
104 56 -1.33333333333345e-5
105 56 -5.14322065955558e-6
50 57 -.000431922957360713
51 57 7.21644966006349e-20
52 57 .000839158455564121
53 57 -7.43849426498853e-19
55 57 1.77777777777749e-5
56 57 -1.33226762955019e-19
57 57 .0035459043424628
58 57 5.30131494258512e-19
59 57 .000839158455564246
60 57 3.21964677141295e-19
61 57 -1.02140518265514e-18
62 57 1.77777777777853e-5
63 57 1.19904086659517e-18
64 57 -.000431922957360725
65 57 -1.77635683940025e-19
100 57 -3.86279438993687e-5
101 57 -4.44444444444418e-6
102 57 7.41699554030022e-5
103 57 1.77777777777768e-5
104 57 .000320338636645972
105 57 1.95156391047391e-18
106 57 7.4169955403013e-5
107 57 -1.77777777777791e-5
108 57 -3.86279438993645e-5
109 57 4.44444444444467e-6
25 58 0
50 58 5.55111512312579e-20
51 58 -.00041551844020213
52 58 -6.77236045021345e-19
53 58 .00078166196208963
54 58 -3.08593239466669e-5
55 58 -2.1332602351265e-15
56 58 -2.05728826311112e-5
57 58 5.30131494258512e-19
58 58 .00350518888877102
59 58 3.21964677141295e-19
60 58 .000781661962089751
61 58 3.08593239466669e-5
62 58 2.13324358178112e-15
63 58 -2.05728826311111e-5
64 58 -1.77635683940025e-19
65 58 -.000415518440202144
73 58 0
100 58 -4.44444444444421e-6
101 58 -4.42585921485296e-5
102 58 1.77777777777766e-5
103 58 8.23453195055875e-5
104 58 1.84314369322536e-18
105 58 .000376698908090294
106 58 -1.77777777777791e-5
107 58 8.23453195056118e-5
108 58 4.44444444444467e-6
109 58 -4.42585921485274e-5
114 58 0
57 59 .000839158455564246
58 59 3.21964677141295e-19
59 59 .00704243376661048
60 59 -1.22124532708767e-18
61 59 -1.59872115546022e-18
62 59 7.11111111111099e-5
63 59 -1.3988810110277e-18
64 59 .000839158455564027
65 59 8.2711615334574e-19
104 59 7.41699554030278e-5
105 59 1.77777777777767e-5
106 59 .000634505408500432
107 59 1.55431223447522e-18
108 59 7.41699554029783e-5
109 59 -1.77777777777782e-5
25 60 0
57 60 3.21964677141295e-19
58 60 .000781661962089751
59 60 -1.22124532708767e-18
60 60 .0069116279409123
61 60 -6.66133814775094e-20
62 60 2.22044604925031e-20
63 60 4.11457652622223e-5
64 60 9.60342916300759e-19
65 60 .000781661962089536
73 60 0
104 60 1.77777777777767e-5
105 60 8.23453195056187e-5
106 60 1.4210854715202e-18
107 60 .000741054086597599
108 60 -1.77777777777781e-5
109 60 8.2345319505565e-5
114 60 0
57 61 -1.02140518265514e-18
58 61 3.08593239466669e-5
59 61 -1.59872115546022e-18
60 61 -6.66133814775094e-20
61 61 0
65 61 -3.08593239466666e-5
104 61 -1.33333333333343e-5
105 61 7.71483098933342e-6
106 61 -5.33333333333349e-5
107 61 -4.44089209850062e-20
108 61 -1.33333333333305e-5
109 61 -7.71483098933336e-6
57 62 1.77777777777853e-5
58 62 2.13324358178112e-15
59 62 7.11111111111099e-5
60 62 2.22044604925031e-20
62 62 0
64 62 1.77777777777735e-5
65 62 -2.13322692843576e-15
104 62 -8.88888888889063e-6
105 62 7.71483098826672e-6
106 62 -3.55555555555567e-5
107 62 -2.22044604925031e-20
108 62 -8.88888888888624e-6
109 62 -7.71483098826672e-6
57 63 1.19904086659517e-18
58 63 -2.05728826311111e-5
59 63 -1.3988810110277e-18
60 63 4.11457652622223e-5
63 63 0
65 63 -2.05728826311112e-5
104 63 1.33333333333335e-5
105 63 -5.14322065955561e-6
106 63 3.99680288865054e-18
107 63 1.02864413191111e-5
108 63 -1.33333333333322e-5
109 63 -5.14322065955558e-6
1 64 -4.44444444444467e-6
57 64 -.000431922957360725
58 64 -1.77635683940025e-19
59 64 .000839158455564027
60 64 9.60342916300759e-19
62 64 1.77777777777735e-5
64 64 .00354590434246263
65 64 -3.1294411506622e-19
66 64 .000839158455564211
67 64 -4.49640324973188e-19
68 64 -5.77315972805079e-19
69 64 1.77777777777827e-5
70 64 2.83106871279415e-19
71 64 -.000431922957360739
72 64 4.99600361081346e-20
104 64 -3.86279438993674e-5
105 64 -4.44444444444421e-6
106 64 7.41699554029788e-5
107 64 1.77777777777776e-5
108 64 .000320338636645934
109 64 1.51788304147971e-18
110 64 7.41699554029896e-5
111 64 -1.77777777777798e-5
112 64 -3.86279438993645e-5
113 64 4.44444444444472e-6
1 65 -4.42585921115611e-5
25 65 0
57 65 -1.77635683940025e-19
58 65 -.000415518440202144
59 65 8.2711615334574e-19
60 65 .000781661962089536
61 65 -3.08593239466666e-5
62 65 -2.13322692843576e-15
63 65 -2.05728826311112e-5
64 65 -3.1294411506622e-19
65 65 .00350518888877087
66 65 -4.05231403988182e-19
67 65 .000781661962089716
68 65 3.08593239466666e-5
69 65 2.133238030666e-15
70 65 -2.05728826311112e-5
71 65 6.66133814775117e-20
72 65 -.000415518440202158
73 65 0
104 65 -4.44444444444421e-6
105 65 -4.42585921485287e-5
106 65 1.77777777777774e-5
107 65 8.23453195055658e-5
108 65 1.68051336735253e-18
109 65 .000376698908090247
110 65 -1.77777777777796e-5
111 65 8.23453195055897e-5
112 65 4.44444444444469e-6
113 65 -4.42585921485285e-5
114 65 0
1 66 1.77777777777792e-5
64 66 .000839158455564211
65 66 -4.05231403988182e-19
66 66 .00704243376661073
67 66 5.99520433297583e-19
68 66 -1.33226762955019e-19
69 66 7.11111111111134e-5
70 66 1.4432899320127e-18
71 66 .000839158455564117
72 66 -1.11022302462515e-20
108 66 7.41699554030204e-5
109 66 1.77777777777761e-5
110 66 .00063450540850048
111 66 3.06421554796543e-18
112 66 7.41699554029909e-5
113 66 -1.77777777777793e-5
1 67 8.23453194359058e-5
25 67 0
64 67 -4.49640324973188e-19
65 67 .000781661962089716
66 67 5.99520433297583e-19
67 67 .00691162794091255
68 67 4.44089209850062e-20
69 67 6.66133814775094e-20
70 67 4.11457652622223e-5
71 67 -5.55111512312579e-20
72 67 .000781661962089626
73 67 0
108 67 1.7777777777776e-5
109 67 8.23453195056049e-5
110 67 3.10862446895044e-18
111 67 .000741054086597651
112 67 -1.77777777777792e-5
113 67 8.23453195055871e-5
114 67 0
1 68 -7.71483098400006e-6
64 68 -5.77315972805079e-19
65 68 3.08593239466666e-5
66 68 -1.33226762955019e-19
67 68 4.44089209850062e-20
68 68 0
71 68 1.24344978758017e-18
72 68 -3.08593239466666e-5
108 68 -1.33333333333313e-5
109 68 7.71483098933342e-6
110 68 -5.33333333333367e-5
112 68 -1.3333333333336e-5
113 68 -7.71483098933342e-6
1 69 7.71483098506665e-6
64 69 1.77777777777827e-5
65 69 2.133238030666e-15
66 69 7.11111111111134e-5
67 69 6.66133814775094e-20
69 69 0
71 69 1.77777777777753e-5
72 69 -2.1332602351265e-15
108 69 -8.88888888888787e-6
109 69 7.71483098826667e-6
110 69 -3.5555555555558e-5
111 69 2.22044604925031e-20
112 69 -8.88888888889015e-6
113 69 -7.71483098826678e-6
1 70 -5.14322065600002e-6
64 70 2.83106871279415e-19
65 70 -2.05728826311112e-5
66 70 1.4432899320127e-18
67 70 4.11457652622223e-5
70 70 0
71 70 5.77315972805079e-19
72 70 -2.05728826311112e-5
108 70 1.3333333333332e-5
109 70 -5.14322065955558e-6
110 70 4.2854608750531e-18
111 70 1.02864413191112e-5
112 70 -1.33333333333355e-5
113 70 -5.14322065955561e-6
1 71 -1.33333333333346e-5
64 71 -.000431922957360739
65 71 6.66133814775117e-20
66 71 .000839158455564117
67 71 -5.55111512312579e-20
68 71 1.24344978758017e-18
69 71 1.77777777777753e-5
70 71 5.77315972805079e-19
71 71 .0017729521712313
72 71 2.31759056390499e-19
108 71 -3.86279438993717e-5
109 71 -4.44444444444421e-6
110 71 7.41699554030143e-5
111 71 1.77777777777765e-5
112 71 .000160169318322979
113 71 1.33333333333345e-5
1 72 .000188349453889427
25 72 3.08593239360003e-6
64 72 4.99600361081346e-20
65 72 -.000415518440202158
66 72 -1.11022302462515e-20
67 72 .000781661962089626
68 72 -3.08593239466666e-5
69 72 -2.1332602351265e-15
70 72 -2.05728826311112e-5
71 72 2.31759056390499e-19
72 72 .00175259444438543
73 72 2.46874591573333e-5
108 72 -4.44444444444421e-6
109 72 -4.42585921485322e-5
110 72 1.77777777777764e-5
111 72 8.23453195055988e-5
112 72 -1.33333333333323e-5
113 72 .000188349454045138
114 72 3.08593239573331e-6
1 73 -.460872722360895
21 73 4.1145765262223e-7
23 73 1.64583061048892e-6
25 73 -.00771483098400005
44 73 8.22915305244385e-7
46 73 1.64583061048887e-6
51 73 8.2291530524448e-7
53 73 1.64583061048891e-6
58 73 8.22915305244534e-7
60 73 1.64583061048888e-6
65 73 8.22915305244426e-7
67 73 1.64583061048891e-6
72 73 .921745958884546
73 73 -.0617186478933336
93 73 5.14322065955575e-8
95 73 2.05728826382227e-7
97 73 1.02864413191108e-7
99 73 2.05728826382218e-7
101 73 1.02864413191108e-7
103 73 2.05728826382223e-7
105 73 1.02864413191115e-7
107 73 2.05728826382217e-7
109 73 1.02864413191105e-7
111 73 2.05728826382213e-7
113 73 -.460872722201591
114 73 -.00771483098933329
2 74 .000634505408500446
3 74 -4.44089209850062e-20
4 74 7.41699554030009e-5
5 74 1.77777777777776e-5
26 74 -5.33333333333334e-5
27 74 -3.55555555555556e-5
28 74 2.44249065417534e-19
74 74 .00409107770834805
75 74 8.8817841970012e-20
76 74 .000487967444674178
77 74 1.62630325872826e-19
115 74 .000906927562648756
116 74 -1.33226762955019e-19
117 74 5.33333333333334e-5
118 74 -3.55555555555554e-5
119 74 -2.16493489801906e-19
120 74 .000106800531557759
121 74 -1.77777777777777e-5
186 74 -.000511230020726342
187 74 1.11022302462515e-20
188 74 -6.06210456996822e-5
189 74 4.44444444444445e-6
2 75 1.77635683940025e-19
3 75 .000741054086597612
4 75 1.77777777777777e-5
5 75 8.2345319505591e-5
26 75 -4.44089209850062e-20
27 75 -4.44089209850062e-20
28 75 1.02864413191111e-5
74 75 8.8817841970012e-20
75 75 .00397512180900708
76 75 1.0842021724855e-19
77 75 .000450055688387227
115 75 -1.77635683940025e-19
116 75 .000994453876247074
117 75 -1.49880108324396e-19
118 75 1.38777878078144e-19
119 75 1.3130827546667e-5
120 75 -1.77777777777779e-5
121 75 .000111175906984214
187 75 -.000526110058190719
188 75 4.44444444444445e-6
189 75 -5.91983434916187e-5
2 76 7.41699554029996e-5
3 76 -1.77777777777778e-5
4 76 .000320338636645951
5 76 4.87890977618477e-19
6 76 7.41699554030013e-5
7 76 1.77777777777778e-5
8 76 -3.86279438993661e-5
9 76 -4.44444444444442e-6
26 76 -1.33333333333334e-5
27 76 -8.88888888888885e-6
28 76 -1.33333333333334e-5
29 76 -1.33333333333337e-5
30 76 -8.88888888888928e-6
31 76 1.33333333333334e-5
74 76 .000487967444674178
75 76 1.0842021724855e-19
76 76 .00205958921549565
77 76 -1.62630325872826e-19
78 76 .000487967444674213
79 76 -1.0842021724855e-19
80 76 -.000251008902997889
81 76 1.35525271560688e-20
115 76 .000106800531557759
116 76 1.77777777777778e-5
117 76 1.33333333333334e-5
118 76 -8.8888888888889e-6
119 76 1.33333333333334e-5
120 76 .000457403029588388
121 76 -3.25260651745651e-19
122 76 .000106800531557772
123 76 -1.77777777777776e-5
124 76 1.33333333333341e-5
125 76 -8.88888888888939e-6
126 76 -1.33333333333337e-5
127 76 -5.53698899108815e-5
128 76 4.4444444444444e-6
186 76 -6.06210456996822e-5
187 76 -4.44444444444442e-6
188 76 -.00025758463449784
189 76 5.42101086242752e-20
190 76 -6.06210456996865e-5
191 76 4.44444444444445e-6
192 76 3.12953349171747e-5
193 76 -1.11111111111111e-6
2 77 -1.77777777777779e-5
3 77 8.23453195055897e-5
4 77 -1.0842021724855e-19
5 77 .000376698908090268
6 77 1.77777777777778e-5
7 77 8.23453195055923e-5
8 77 -4.44444444444442e-6
9 77 -4.42585921485276e-5
26 77 -7.71483098933331e-6
27 77 -7.71483098826667e-6
28 77 -5.14322065955556e-6
29 77 7.71483098933342e-6
30 77 7.71483098826667e-6
31 77 -5.14322065955561e-6
74 77 1.62630325872826e-19
75 77 .000450055688387227
76 77 -1.62630325872826e-19
77 77 .00201566162714677
78 77 1.0842021724855e-19
79 77 .00045005568838726
81 77 -.000239078205515212
115 77 1.77777777777779e-5
116 77 .000111175906984216
117 77 -9.84812066000013e-6
118 77 9.84812066533332e-6
119 77 -6.56541377333348e-6
120 77 -2.71050543121376e-19
121 77 .000505105434651546
122 77 -1.77777777777777e-5
123 77 .000111175906984228
124 77 9.84812066000029e-6
125 77 -9.84812066533354e-6
126 77 -6.56541377333351e-6
127 77 4.44444444444445e-6
128 77 -5.95272017561094e-5
186 77 -4.44444444444445e-6
187 77 -5.91983434916187e-5
188 77 8.13151629364128e-20
189 77 -.000266994277364697
190 77 4.44444444444442e-6
191 77 -5.91983434916235e-5
192 77 -1.11111111111111e-6
193 77 3.15687958804764e-5
4 78 7.41699554030004e-5
5 78 -1.7777777777778e-5
6 78 .000634505408500446
7 78 2.22044604925032e-19
8 78 7.41699554029978e-5
9 78 1.77777777777775e-5
29 78 -5.33333333333332e-5
30 78 -3.55555555555556e-5
31 78 8.65973959207622e-19
76 78 .000487967444674213
77 78 1.0842021724855e-19
78 78 .00409107770834805
80 78 .000487967444674163
120 78 .00010680053155777
121 78 1.77777777777779e-5
122 78 .000906927562648756
123 78 -3.55271367880049e-19
124 78 5.33333333333343e-5
125 78 -3.55555555555552e-5
126 78 -8.88178419700126e-19
127 78 .000106800531557759
128 78 -1.77777777777776e-5
188 78 -6.06210456996869e-5
189 78 -4.44444444444445e-6
190 78 -.000511230020726346
191 78 1.11022302462515e-20
192 78 -6.062104569968e-5
193 78 4.44444444444445e-6
4 79 -1.7777777777778e-5
5 79 8.23453195055923e-5
6 79 3.10862446895043e-19
7 79 .000741054086597612
8 79 1.77777777777776e-5
9 79 8.23453195055871e-5
30 79 -2.22044604925031e-20
31 79 1.02864413191111e-5
76 79 -1.0842021724855e-19
77 79 .00045005568838726
79 79 .00397512180900708
80 79 1.0842021724855e-19
81 79 .000450055688387213
120 79 1.77777777777781e-5
121 79 .000111175906984227
122 79 -3.99680288865055e-19
123 79 .000994453876247074
124 79 -2.44249065417534e-19
125 79 1.33226762955019e-19
126 79 1.3130827546667e-5
127 79 -1.77777777777778e-5
128 79 .000111175906984213
188 79 -4.44444444444445e-6
189 79 -5.91983434916239e-5
191 79 -.000526110058190723
192 79 4.44444444444448e-6
193 79 -5.91983434916166e-5
4 80 -3.86279438993652e-5
5 80 4.44444444444453e-6
6 80 7.41699554029957e-5
7 80 -1.77777777777781e-5
8 80 .000320338636645946
9 80 5.42101086242752e-19
10 80 7.41699554030039e-5
11 80 1.77777777777775e-5
12 80 -3.86279438993671e-5
13 80 -4.44444444444429e-6
29 80 -1.33333333333331e-5
30 80 -8.88888888888868e-6
31 80 -1.33333333333333e-5
32 80 -1.33333333333332e-5
33 80 -8.88888888888895e-6
34 80 1.33333333333328e-5
76 80 -.000251008902997889
78 80 .000487967444674163
79 80 1.0842021724855e-19
80 80 .00205958921549565
81 80 5.42101086242752e-20
82 80 .000487967444674222
83 80 -4.33680868994202e-19
84 80 -.000251008902997896
85 80 6.7762635780344e-20
120 80 -5.53698899108811e-5
121 80 -4.4444444444445e-6
122 80 .000106800531557757
123 80 1.7777777777778e-5
124 80 1.33333333333333e-5
125 80 -8.88888888888874e-6
126 80 1.33333333333335e-5
127 80 .000457403029588391
128 80 -3.25260651745651e-19
129 80 .000106800531557778
130 80 -1.77777777777774e-5
131 80 1.33333333333339e-5
132 80 -8.8888888888895e-6
133 80 -1.33333333333336e-5
134 80 -5.53698899108846e-5
135 80 4.44444444444426e-6
188 80 3.12953349171747e-5
189 80 1.1111111111111e-6
190 80 -6.06210456996804e-5
191 80 -4.44444444444445e-6
192 80 -.000257584634497843
194 80 -6.06210456996882e-5
195 80 4.44444444444445e-6
196 80 3.12953349171756e-5
197 80 -1.11111111111111e-6
4 81 4.44444444444459e-6
5 81 -4.42585921485274e-5
6 81 -1.77777777777783e-5
7 81 8.23453195055858e-5
8 81 4.33680868994202e-19
9 81 .000376698908090263
10 81 1.77777777777775e-5
11 81 8.2345319505594e-5
12 81 -4.44444444444431e-6
13 81 -4.42585921485285e-5
29 81 -7.71483098933336e-6
30 81 -7.71483098826672e-6
31 81 -5.14322065955561e-6
32 81 7.71483098933331e-6
33 81 7.71483098826667e-6
34 81 -5.14322065955553e-6
76 81 1.35525271560688e-20
77 81 -.000239078205515212
79 81 .000450055688387213
80 81 5.42101086242752e-20
81 81 .00201566162714677
82 81 -1.62630325872826e-19
83 81 .000450055688387269
84 81 2.71050543121376e-20
85 81 -.000239078205515218
120 81 -4.4444444444445e-6
121 81 -5.95272017561094e-5
122 81 1.7777777777778e-5
123 81 .000111175906984213
124 81 -9.84812066000013e-6
125 81 9.84812066533332e-6
126 81 -6.56541377333351e-6
127 81 -6.50521303491303e-19
128 81 .000505105434651546
129 81 -1.77777777777774e-5
