%%MatrixMarket matrix coordinate real general
%-------------------------------------------------------------------------------
% UF Sparse Matrix Collection, Tim Davis
% http://www.cise.ufl.edu/research/sparse/matrices/LeGresley/LeGresley_2508
% name: LeGresley/LeGresley_2508
% [Power flow analysis of an electrical grid]
% id: 2655
% date: 2013
% author: P. LeGresley
% ed: T. Davis
% fields: name title A b id date author ed kind notes
% kind: power network problem
%-------------------------------------------------------------------------------
% notes:
% Power flow analyses of electrical grids.           
% Submitted by Patrick LeGresley, Stanford, July 2013
%-------------------------------------------------------------------------------
2508 2508 16727
1 1 1
2 1 91.7633946970534
79 1 51.88306574472004
1256 1 -8.36727176042429
2 2 -229.9910835470711
6 2 138.2276888500177
1256 2 6.509513135611472
1260 2 -1.857758624812817
3 3 -32.30331338669692
4 3 19.9247542590345
5 3 12.37855912766242
1257 3 .3114798909073906
3 4 19.9247542590345
4 4 -40.62285684551537
8 4 20.69810258648088
1257 4 -1.148854102114847
3 5 12.37855912766242
5 5 -47.31377879651704
7 5 34.93521966885461
1257 5 .8373742112074563
2 6 138.2276888500177
6 6 -275.2681796620781
7 6 94.15934446649935
10 6 16.02831388190395
20 6 26.85283246365707
1256 6 1.857758624812817
1260 6 7.251977785894314
1264 6 -1.399476922039251
1274 6 1.628277335401025
5 7 34.93521966885461
6 7 94.15934446649935
7 7 -171.441114941411
8 7 42.34655080605707
1260 7 -5.165418747719723
4 8 20.69810258648088
7 8 42.34655080605707
8 8 -136.0373036623112
9 8 30.70378556700645
127 8 18.12735536563957
133 8 24.16150933712725
1263 8 -2.173944613554321
8 9 30.70378556700645
9 9 -65.97055164637251
11 9 18.78280057870346
13 9 16.4839655006626
1263 9 .6227997714467075
1265 9 -.7478282814382423
1267 9 -.8033165606693711
6 10 16.02831388190395
10 10 -42.13442441794771
12 10 26.10611053604376
1260 10 1.399476922039251
1264 10 1.540725951297947
1266 10 .1412490292586956
9 11 18.78280057870346
11 11 -46.39184282329899
13 11 27.60904224459553
1263 11 .7478282814382423
1265 11 .5020687586636858
1267 11 -.2457595227745565
10 12 26.10611053604376
12 12 -49.75676107528226
15 12 23.6506505392385
1264 12 -.1412490292586956
1266 12 .6309269888829581
1269 12 .7721760181416537
9 13 16.4839655006626
11 13 27.60904224459553
13 13 -65.19965558646709
15 13 21.10664784120895
1263 13 .8033165606693711
1265 13 .2457595227745565
1267 13 .9422448264855489
1269 13 -.1068312569583788
14 14 -45.33635049072725
15 14 45.33635049072725
1269 14 -2.764947782607691
12 15 23.6506505392385
13 15 21.10664784120895
14 15 45.33635049072725
15 15 -124.9999175346031
16 15 20.62301708851059
17 15 14.28325157491785
1266 15 -.7721760181416537
1267 15 .1068312569583788
1269 15 2.723607160128211
1270 15 .08278654115640147
1271 15 .5412175975473941
15 16 20.62301708851059
16 16 -41.77653301036452
17 16 21.15351592185393
1269 16 -.08278654115640147
1270 16 .6337323917701541
1271 16 .7165189329265556
15 17 14.28325157491785
16 17 21.15351592185393
17 17 -78.34051261210926
20 17 42.90374511533749
1269 17 -.5412175975473941
1270 17 -.7165189329265556
1271 17 1.825168844652675
1274 17 3.082905375126625
18 18 -224.8743159984668
19 18 37.08853955248368
165 18 187.7857764459831
1272 18 1.559030927777865
18 19 37.08853955248368
19 19 -66.75979312818603
20 19 29.67125357570235
1272 19 -4.869628735126857
1274 19 .06214341903469064
6 20 26.85283246365707
17 20 42.90374511533749
19 20 29.67125357570235
20 20 -242.141987361
21 20 101.3295534838781
22 20 11.59371588782323
23 20 29.79088683460173
1260 20 -1.628277335401025
1271 20 -3.082905375126625
1274 20 5.756392786810796
1275 20 3.556212997963227
1276 20 -.1841526331066569
20 21 101.3295534838781
21 21 -167.9735924151416
22 21 26.48654539061767
23 21 40.15749354064582
1274 21 -3.556212997963227
1275 21 3.262901456203783
1276 21 -1.351019945769737
20 22 11.59371588782323
21 22 26.48654539061767
22 22 -38.0802612784409
1274 22 .1841526331066569
1275 22 1.351019945769737
1276 22 1.535172578876394
20 23 29.79088683460173
21 23 40.15749354064582
23 23 -113.6238208664628
24 23 43.67544049121526
1274 23 -7.157658551516566
1275 23 -8.170134399936746
23 24 43.67544049121526
24 24 -43.67544049121526
25 25 -108.9263548155108
27 25 108.9263548155108
1279 25 2.643080261682148
26 26 -95.74987214528625
28 26 69.86188319077276
31 26 25.88798895451349
1280 26 3.666408586391015
25 27 108.9263548155108
27 27 -185.3092319854325
29 27 46.259782963148
69 27 30.12309420677366
1279 27 -2.643080261682148
1323 27 1.710513249437342
26 28 69.86188319077276
28 28 -104.8589272422466
31 28 34.99704405147386
1280 28 -3.905885658184877
27 29 46.259782963148
29 29 -138.0140645976688
34 29 20.59301094393438
36 29 12.9134538113969
40 29 22.57963716739876
46 29 18.06645168294031
61 29 8.933219369089496
79 29 8.668508659760969
1288 29 -2.64167876461614
1290 29 -2.641357567563653
1294 29 -5.283534548093342
30 30 -50.84448105168555
31 30 39.23354193397048
35 30 11.61093911771507
1284 30 3.666467888888612
1289 30 -.6857496855018179
26 31 25.88798895451349
28 31 34.99704405147386
30 31 39.23354193397048
31 31 -310.5856210968954
32 31 97.08931270949186
33 31 56.09186733520284
47 31 7.978410075186996
51 31 49.30745603705589
1280 31 .2394770717938617
1284 31 -4.35221757439043
1301 31 -.885053320023009
31 32 97.08931270949186
32 32 -130.2613391796556
51 32 33.17202647016368
31 33 56.09186733520284
33 33 -56.09186733520284
29 34 20.59301094393438
34 34 -20.59301094393438
1288 34 2.64167876461614
30 35 11.61093911771507
35 35 -83.13242535033527
38 35 30.34348614760287
42 35 41.17800008501732
1284 35 .6857496855018179
1289 35 1.193845472473729
1292 35 -.3760308029291242
29 36 12.9134538113969
36 36 -12.9134538113969
1290 36 2.641357567563653
37 37 -169.7439615514846
43 37 58.74426066713425
45 37 64.9087283419959
49 37 46.09097254235443
1291 37 1.769669131067226
1297 37 1.271546677396429
1299 37 -.1132872173159276
1303 37 .6114096709867249
35 38 30.34348614760287
38 38 -81.387414366996
42 38 40.73318409624072
64 38 10.31074412315241
1289 38 .3760308029291242
1292 38 1.1865191590477
39 39 -164.4020122494961
43 39 51.0486525537768
49 39 85.00130302728472
495 39 14.3035332499368
515 39 14.04852341849776
1297 39 -3.032848794663563
1303 39 -5.764999248099207
1749 39 5.854644429619243
1769 39 1.476559310513154
29 40 22.57963716739876
40 40 -58.65155388448541
44 40 36.07191671708665
1294 40 2.640908176659133
1298 40 -2.642626371434209
41 41 -76.4376630764447
45 41 51.9402135746331
48 41 24.49744950181159
1295 41 1.759336204154369
1299 41 1.759336204154369
35 42 41.17800008501732
38 42 40.73318409624072
42 42 -135.9660157668413
54 42 28.50994311885982
57 42 25.54488846672344
1289 42 -.8841265899010354
1292 42 -1.379727971045554
1311 42 -.8965110500692796
37 43 58.74426066713425
39 43 51.0486525537768
43 43 -109.7929132209111
1291 43 -1.271546677396429
1297 43 1.761302117267134
40 44 36.07191671708665
44 44 -36.07191671708665
1294 44 2.642626371434209
1298 44 2.642626371434209
37 45 64.9087283419959
41 45 51.9402135746331
45 45 -225.4099876964422
60 45 14.24041588723101
64 45 66.5154233381796
70 45 19.3905957981016
88 45 8.414610756300974
1291 45 .1132872173159276
1295 45 -1.759336204154369
1299 45 .7208661373497259
1314 45 -.4102079420211344
1324 45 .9008704336843876
1342 45 -.05140257141468364
29 46 18.06645168294031
46 46 -34.1202694283897
55 46 16.05381774544939
1309 46 -1.494919892631208
31 47 7.978410075186996
47 47 -27.96750164891474
63 47 19.98909157372775
1301 47 .7036330984177867
1317 47 -.1814202216052223
41 48 24.49744950181159
48 48 -85.55297908416587
49 48 33.27988357542317
59 48 27.77564600693111
1302 48 1.7682442296051
1303 48 1.627657851413957
1313 48 .1405863781911422
37 49 46.09097254235443
39 49 85.00130302728472
48 49 33.27988357542317
49 49 -291.3756029247293
58 49 22.91101315470924
59 49 58.49801947951682
64 49 25.01176835749252
65 49 20.58264278794835
1291 49 -.6114096709867249
1302 49 -1.627657851413957
1303 49 1.786179430761513
1312 49 -1.329064909380033
1313 49 -2.564308060043333
1319 49 1.804367810309177
50 50 -17.70269799462653
63 50 17.70269799462653
1317 50 -2.576233746517901
31 51 49.30745603705589
32 51 33.17202647016368
51 51 -173.0058407927828
54 51 27.59898801610885
63 51 23.87467825422552
105 51 39.05269201522885
1317 51 -1.004819763410686
1359 51 -8.657773381614794
52 52 -35.87546875201092
56 52 35.87546875201092
1310 52 -2.577879277285367
53 53 -67.50628269083515
69 53 67.50628269083515
1323 53 -2.463545179171903
42 54 28.50994311885982
51 54 27.59898801610885
54 54 -102.9566000209105
70 54 46.84766888594179
1324 54 -4.304696045350097
46 55 16.05381774544939
55 55 -39.75924031541631
74 55 23.70542256996692
1309 55 2.646014073322779
1328 55 1.151094180691571
52 56 35.87546875201092
56 56 -61.00242457980919
57 56 11.37009601066224
88 56 13.75685981713602
1310 56 .7060948593686955
1311 56 -.2897933188367241
1342 56 -1.581991099079947
42 57 25.54488846672344
56 57 11.37009601066224
57 57 -36.91498447738569
1310 57 .2897933188367241
1311 57 1.186304368906004
49 58 22.91101315470924
58 58 -53.92060928290415
59 58 31.00959612819491
1303 58 1.329064909380033
1312 58 1.767481954280126
1313 58 .4384170449000926
48 59 27.77564600693111
49 59 58.49801947951682
58 59 31.00959612819491
59 59 -128.5355084878863
95 59 11.25224687324347
1302 59 -.1405863781911422
1303 59 2.564308060043333
1312 59 -.4384170449000926
1313 59 1.757462548618836
1349 59 -.2278420883332615
45 60 14.24041588723101
60 60 -27.1937445915365
88 60 12.95332870430549
1299 60 .4102079420211344
1314 60 .7041600917565112
1342 60 .2939521497353768
29 61 8.933219369089496
61 61 -52.21560151572702
63 61 8.5693736094487
79 61 16.78049666158483
80 61 17.93251187560399
1317 61 -.4206115188614169
62 62 -36.14503479196185
67 62 36.14503479196185
1316 62 1.767787123877258
1321 62 1.767787123877258
47 63 19.98909157372775
50 63 17.70269799462653
51 63 23.87467825422552
61 63 8.5693736094487
63 63 -354.1493624573306
69 63 177.9888308459914
73 63 24.67497246139274
76 63 39.05445871197128
80 63 37.63808994621044
105 63 4.657169059736243
1301 63 .1814202216052223
1317 63 .6989168313846589
1323 63 -5.997796558052934
1327 63 -1.470285323558988
1359 63 -.8287295655650674
38 64 10.31074412315241
45 64 66.5154233381796
49 64 25.01176835749252
64 64 -181.505743861529
67 64 27.52562478603466
70 64 22.50746918479483
95 64 15.18516608879859
97 64 14.44954798307644
1292 64 .5692396149269782
1299 64 -1.927655203939598
1303 64 -.349252864177177
1321 64 -1.307705296205782
1324 64 .3928693359904502
1349 64 -1.187098636401452
49 65 20.58264278794835
65 65 -71.00535313889048
77 65 23.66703176265636
82 65 26.75567858828578
1303 65 -1.804367810309177
1319 65 1.170106664162405
1331 65 2.675598245595396
1336 65 .2988762288761851
66 66 -55.27223010785914
86 66 55.27223010785914
1320 66 1.186741663524048
1340 66 1.186741663524048
62 67 36.14503479196185
64 67 27.52562478603466
67 67 -87.99319684122354
85 67 14.97345882246845
88 67 9.349078440758593
1316 67 -1.767787123877258
1321 67 .4457432651653817
1339 67 .7899668998914322
1342 67 .1158581929454255
68 68 -22.18197707453479
69 68 22.18197707453479
1323 68 -2.574389260969089
27 69 30.12309420677366
53 69 67.50628269083515
63 69 177.9888308459914
68 69 22.18197707453479
69 69 -380.1406050351955
73 69 27.10704731237153
105 69 55.23337290468898
1317 69 5.997796558052934
1323 69 .7049695921664894
1327 69 -.70035446831979
1359 69 -7.919893688270302
45 70 19.3905957981016
54 70 46.84766888594179
64 70 22.50746918479483
70 70 -164.5170914637574
73 70 36.23427995155131
95 70 39.53707764336783
1299 70 -.9008704336843876
1324 70 .6928489001850333
1327 70 1.467987749042081
1349 70 -3.786095124532307
71 71 -62.05025266641742
79 71 19.61609060489086
80 71 42.43416206152656
72 72 -37.37550077032282
83 72 37.37550077032282
63 73 24.67497246139274
69 73 27.10704731237153
70 73 36.23427995155131
73 73 -88.01629972531558
1317 73 1.470285323558988
1323 73 .70035446831979
1324 73 -1.467987749042081
1327 73 .7026520428366969
55 74 23.70542256996692
74 74 -77.351484135525
79 74 53.64606156555809
1309 74 -1.151094180691571
1328 74 2.63784086893132
75 75 -57.34140427034037
77 75 8.248442143809575
84 75 13.67686918800526
107 75 13.73974271111727
531 75 21.67635022740826
1331 75 -3.844559221304237
1361 75 -3.699550326081435
63 76 39.05445871197128
76 76 -107.5534419724353
80 76 68.49898326046406
1317 76 -2.477628761427057
65 77 23.66703176265636
75 77 8.248442143809575
77 77 -31.91547390646593
1319 77 -2.675598245595396
1331 77 1.168960975708841
78 78 -24.69376247532099
115 78 24.69376247532099
1369 78 -2.577990355410054
29 79 8.668508659760969
61 79 16.78049666158483
71 79 19.61609060489086
74 79 53.64606156555809
79 79 -211.6659710576858
80 79 61.07174782117102
1328 79 -3.788935049622892
61 80 17.93251187560399
63 80 37.63808994621044
71 80 42.43416206152656
76 80 68.49898326046406
79 80 61.07174782117102
80 80 -278.1068536962262
87 80 20.6473559411317
91 80 22.34345867553537
98 80 7.540544114583046
1317 80 -2.335014266739364
81 81 -24.0320834613049
84 81 24.0320834613049
65 82 26.75567858828578
82 82 -44.15884730341747
97 82 17.4031687151317
1319 82 -.2988762288761851
1336 82 1.168626546315338
72 83 37.37550077032282
83 83 -68.78573939651115
93 83 21.12101788184357
96 83 10.28922074434476
1347 83 -3.141484245955401
1350 83 -2.009341792687279
75 84 13.67686918800526
81 84 24.0320834613049
84 84 -47.55591825505739
93 84 9.846965605747226
1347 84 -1.738057822623667
67 85 14.97345882246845
85 85 -38.07468032797562
89 85 23.10122150550717
1321 85 -.7899668998914322
1339 85 .4449761446732272
1343 85 1.234943044564659
66 86 55.27223010785914
86 86 -105.1032773260494
90 86 14.60145941148704
93 86 35.22958780670325
1320 86 -1.186741663524048
1340 86 1.183559917551439
1347 86 1.735341369348364
80 87 20.6473559411317
87 87 -43.0659914443731
92 87 22.41863550324139
1346 87 -1.725019989059345
45 88 8.414610756300974
56 88 13.75685981713602
60 88 12.95332870430549
67 88 9.349078440758593
88 88 -62.68584462858622
99 88 18.21196691008515
1299 88 .05140257141468364
1310 88 1.581991099079947
1314 88 -.2939521497353768
1321 88 -.1158581929454255
1342 88 .7021525086639719
1353 88 -.5214308191498569
85 89 23.10122150550717
89 89 -55.86700370502601
94 89 32.76578219951884
1339 89 -1.234943044564659
1343 89 .4478342245242635
1348 89 1.682777269088923
86 90 14.60145941148704
90 90 -31.11985527674253
103 90 16.51839586525548
1340 90 -.6349602117271228
1357 90 -1.940465540532725
80 91 22.34345867553537
91 91 -22.34345867553537
87 92 22.41863550324139
92 92 -27.3836867824299
105 92 4.965051279188511
1346 92 .7058413297264565
1359 92 -1.019178659332888
83 93 21.12101788184357
84 93 9.846965605747226
86 93 35.22958780670325
93 93 -86.35228628651208
118 93 7.612790891213849
122 93 12.54192410100419
1340 93 -1.735341369348364
1347 93 1.178983536538677
1372 93 -.7531485317555567
1376 93 -1.21206863093647
89 94 32.76578219951884
94 94 -68.99253930001086
97 94 36.22675710049203
1343 94 -1.682777269088923
1348 94 .450454032489525
59 95 11.25224687324347
64 95 15.18516608879859
70 95 39.53707764336783
95 95 -157.5479016597727
105 95 55.34455769378405
127 95 23.28269415038169
146 95 12.9461592101971
1313 95 .2278420883332615
1324 95 3.786095124532307
1349 95 .7045193326558525
1359 95 1.072332836876442
1400 95 -5.564785756729759
83 96 10.28922074434476
96 96 -27.54714246440449
106 96 17.25792172005973
1350 96 1.186422316938834
1360 96 -.8229194757484448
64 97 14.44954798307644
82 97 17.4031687151317
94 97 36.22675710049203
97 97 -128.8896947059003
104 97 32.84827652436809
107 97 27.96194438283199
1336 97 -1.467502775191524
1348 97 -2.133231301578448
1358 97 -1.905524271988644
1361 97 5.389683194143101
80 98 7.540544114583046
98 98 -13.93335226307614
116 98 6.392808148493097
1370 98 -2.256280858842084
88 99 18.21196691008515
99 99 -54.11131452861017
105 99 35.89934761852502
1342 99 .5214308191498569
1353 99 .7031352972330596
1359 99 .1817044780832027
100 100 -12.62321871690724
101 100 12.62321871690724
1354 100 1.186577256103403
100 101 12.62321871690724
101 101 -96.59403413437781
111 101 21.04000368646126
122 101 36.69064579438623
532 101 26.24016593662308
1354 101 -1.186577256103403
1365 101 -.6906164634294244
1376 101 -.8134063866634685
1786 101 .1053353429296867
102 102 -22.70605638674166
110 102 22.70605638674166
1356 102 .7056329189234076
1364 102 .7056329189234076
90 103 16.51839586525548
103 103 -46.0778665823369
128 103 29.55947071708141
1357 103 .9960289051135589
97 104 32.84827652436809
104 104 -128.7504679282561
108 104 27.48193988723153
110 104 38.87781413710758
120 104 29.54243737954895
1358 104 .9956580499528243
1362 104 1.502800788109745
1364 104 -1.411995737084267
1374 104 -1.000671273061298
51 105 39.05269201522885
63 105 4.657169059736243
69 105 55.23337290468898
92 105 4.965051279188511
95 105 55.34455769378405
99 105 35.89934761852502
105 105 -369.1745862587215
109 105 25.84710795276512
114 105 15.69783094857884
116 105 82.60332619391723
123 105 10.94404573612994
140 105 26.05377286107207
146 105 12.87631199510662
1317 105 .8287295655650674
1323 105 7.919893688270302
1346 105 1.019178659332888
1349 105 -1.072332836876442
1353 105 -.1817044780832027
1359 105 .7251891121093665
1363 105 -2.106853480080457
1370 105 -4.878606664335877
1377 105 2.558843368158438
1394 105 -6.134849158596637
1400 105 -5.832826763304113
96 106 17.25792172005973
106 106 -50.91129335327163
115 106 33.6533716332119
1350 106 .8229194757484448
1360 106 1.181223918597075
1369 106 .3583044428486305
75 107 13.73974271111727
97 107 27.96194438283199
107 107 -180.9518766955209
119 107 84.43153998216899
131 107 27.05990061923237
136 107 27.75874900017025
1361 107 .9967426102383055
1373 107 -2.859893228003277
1385 107 1.53183448689689
104 108 27.48193988723153
108 108 -43.0326945035771
119 108 15.55075461634556
1358 108 -1.502800788109745
1362 108 1.004731856886611
1373 108 2.507532644996357
105 109 25.84710795276512
109 109 -72.7851427057427
116 109 37.12837698589384
142 109 9.80965776708373
1359 109 2.106853480080457
1363 109 .7113485167700491
1370 109 .8295939204061002
1396 109 -2.225098883716508
102 110 22.70605638674166
104 110 38.87781413710758
110 110 -61.58387052384924
1356 110 -.7056329189234076
1358 110 1.411995737084267
1364 110 .7063628181608594
101 111 21.04000368646126
111 111 -40.90243874279837
115 111 19.86243505633711
1365 111 1.182981418751797
1369 111 .4923649553223727
112 112 -29.55192568576726
113 112 29.55192568576726
1366 112 .7067511097450561
1367 112 .7067511097450561
112 113 29.55192568576726
113 113 -69.67562650477805
114 113 40.12370081901079
1366 113 -.7067511097450561
1367 113 .7014108871560372
105 114 15.69783094857884
113 114 40.12370081901079
114 114 -114.0086342045746
127 114 42.82535974948281
135 114 15.36174268750214
1359 114 .05205616955539766
1367 114 -1.408161996901093
1389 114 -.5283908236363429
78 115 24.69376247532099
106 115 33.6533716332119
111 115 19.86243505633711
115 115 -212.5540584979857
118 115 63.03591076771406
122 115 20.68242767828226
132 115 20.08811023853292
138 115 30.53804064858651
1360 115 -.3583044428486305
1365 115 -.4923649553223727
1369 115 1.190160353299731
1372 115 -1.034265934484845
1376 115 -.2924104134277294
98 116 6.392808148493097
105 116 82.60332619391723
109 116 37.12837698589384
116 116 -242.5755359023603
125 116 81.208013247188
127 116 18.42747595872346
147 116 16.81553536814467
1359 116 4.878606664335877
1363 116 -.8295939204061002
1370 116 .6811193266906672
1379 116 -.7086915951583945
1401 116 -5.642721371517313
117 117 -31.47726652959016
124 117 14.5211609263511
128 117 16.95610560323906
1371 117 1.185805016184224
1378 117 -.6771805817600199
93 118 7.612790891213849
115 118 63.03591076771406
118 118 -341.7874064559276
122 118 15.4279009613642
129 118 210.2048666476348
141 118 45.50593718800069
1347 118 .7531485317555567
1369 118 1.034265934484845
1372 118 1.221425682276181
1376 118 .03500485696692023
1383 118 -.5136284059471333
107 119 84.43153998216899
108 119 15.55075461634556
119 119 -141.1004544842604
121 119 41.11815988574583
1361 119 2.859893228003277
1362 119 -2.507532644996357
1373 119 .9982962550913788
1375 119 .6459356720844587
104 120 29.54243737954895
120 120 -29.54243737954895
1358 120 1.000671273061298
1374 120 1.000671273061298
119 121 41.11815988574583
121 121 -63.11776466004403
131 121 21.9996047742982
1373 121 -.6459356720844587
1375 121 1.000500396069266
1385 121 1.646436068153725
93 122 12.54192410100419
101 122 36.69064579438623
115 122 20.68242767828226
118 122 15.4279009613642
122 122 -309.8311188615515
126 122 40.54262838198968
128 122 15.5153748578672
129 122 95.94997186238727
130 122 56.60656618291539
132 122 15.87367904135504
1347 122 1.21206863093647
1369 122 .2924104134277294
1372 122 -.03500485696692023
1376 122 1.2031531370614
1383 122 -.4521569370350654
1384 122 -2.877470087985352
105 123 10.94404573612994
123 123 -24.01302505025195
131 123 13.06897931412201
1359 123 -2.558843368158438
1377 123 .7044650899125289
1385 123 3.263308458070967
117 124 14.5211609263511
124 124 -40.89865646558633
137 124 26.37749553923523
1371 124 .6771805817600199
1378 124 1.183654370002436
1391 124 .5064737882424166
116 125 81.208013247188
125 125 -81.208013247188
1370 125 .7086915951583945
1379 125 .7086915951583945
122 126 40.54262838198968
126 126 -40.54262838198968
1376 126 -2.323474431903744
8 127 18.12735536563957
95 127 23.28269415038169
114 127 42.82535974948281
116 127 18.42747595872346
127 127 -333.6992894364166
133 127 221.3768036959457
135 127 9.659600516243415
1349 127 .004063596757851002
1370 127 -.7272386905945146
1389 127 -.1753547654866748
103 128 29.55947071708141
117 128 16.95610560323906
122 128 15.5153748578672
128 128 -150.0540090875299
131 128 46.01724997852755
138 128 42.00580793081466
1357 128 .944436635419166
1371 128 -1.862985597944244
1376 128 .9054791114918475
1385 128 -5.625751575891553
118 129 210.2048666476348
122 129 95.94997186238727
129 129 -400.4116505772071
134 129 51.47559244040797
138 129 42.78121962677697
1372 129 .5136284059471333
1376 129 .4521569370350654
1383 129 1.128313376012253
1388 129 -.6738524174116572
122 130 56.60656618291539
130 130 -68.23386261235501
137 130 11.62729642943962
1376 130 2.877470087985352
1384 130 1.187448112060442
1391 130 -1.69002197592491
107 131 27.05990061923237
121 131 21.9996047742982
123 131 13.06897931412201
128 131 46.01724997852755
131 131 -126.2692066356025
139 131 4.943289494677697
143 131 13.18018245474463
1361 131 -1.53183448689689
1375 131 -1.646436068153725
1377 131 -3.263308458070967
1385 131 .9913475104188176
1393 131 .7281984151774803
115 132 20.08811023853292
122 132 15.87367904135504
132 132 -58.13634961261572
139 132 22.17456033272775
1369 132 -.7681961662525932
1376 132 -.8319042676091732
1393 132 -1.912726851326697
8 133 24.16150933712725
127 133 221.3768036959457
133 133 -275.2616817444605
164 133 29.72336871138751
129 134 51.47559244040797
134 134 -89.60294768617022
141 134 38.12735524576226
1383 134 .6738524174116572
1388 134 1.192933834406268
114 135 15.36174268750214
127 135 9.659600516243415
135 135 -25.02134320374556
1389 135 .7037455891230178
107 136 27.75874900017025
136 136 -107.4493854903102
138 136 59.47647665418404
159 136 20.21415983595592
1361 136 -4.014934219406359
124 137 26.37749553923523
130 137 11.62729642943962
137 137 -38.00479196867485
1378 137 -.5064737882424166
1384 137 1.69002197592491
1391 137 1.183548187682493
115 138 30.53804064858651
128 138 42.00580793081466
129 138 42.78121962677697
136 138 59.47647665418404
138 138 -360.575083773274
141 138 185.7735389129118
1369 138 -.02131957772066129
1383 138 -.8363804504417114
131 139 4.943289494677697
132 139 22.17456033272775
139 139 -27.11784982740545
1385 139 -.7281984151774803
1393 139 1.184528436149217
105 140 26.05377286107207
140 140 -61.67760700346989
147 140 35.62383414239782
1359 140 6.134849158596637
1394 140 .6963620751584321
1401 140 -5.438487083438205
118 141 45.50593718800069
134 141 38.12735524576226
138 141 185.7735389129118
141 141 -299.1880365561238
150 141 29.7812052094491
1372 141 .08736523498400749
1388 141 -.5190814169946104
1404 141 -10.43506533921656
109 142 9.80965776708373
142 142 -22.25736259050635
149 142 12.44770482342262
1363 142 2.225098883716508
1396 142 .7033283507255357
1403 142 -1.521770532990972
131 143 13.18018245474463
143 143 -13.18018245474463
1385 143 -1.078976532471366
144 144 -93.09075564376188
154 144 51.51102260048513
168 144 41.57973304327675
1408 144 -3.701392687896956
1422 144 -3.498856048277477
145 145 -182.6220353246881
146 145 114.8575431727952
147 145 67.76449215189285
1399 145 4.833565377312155
1400 145 1.222878006460334
1401 145 3.610687370851821
95 146 12.9461592101971
105 146 12.87631199510662
145 146 114.8575431727952
146 146 -498.8533620659911
148 146 63.7145696157508
149 146 62.01800489237196
151 146 70.67744716706879
154 146 161.7633260127006
1349 146 5.564785756729759
1359 146 5.832826763304113
1399 146 -1.222878006460334
1400 146 4.835923506737497
1402 146 -.8896810337463146
1403 146 -.04329674226970046
1405 146 -2.147044323084176
1408 146 -2.25878890773585
116 147 16.81553536814467
140 147 35.62383414239782
145 147 67.76449215189285
147 147 -180.5830779775453
149 147 60.37921631510997
1370 147 5.642721371517313
1394 147 5.438487083438205
1399 147 -3.610687370851821
1401 147 4.855423746562551
1403 147 -2.615097337541147
146 148 63.7145696157508
148 148 -63.7145696157508
1400 148 .8896810337463146
1402 148 .8896810337463146
142 149 12.44770482342262
146 149 62.01800489237196
147 149 60.37921631510997
149 149 -330.1941287555994
151 149 67.11972053832064
154 149 99.77205677596939
155 149 6.535796364745247
164 149 21.92162904565956
1396 149 1.521770532990972
1400 149 .04329674226970046
1401 149 2.615097337541147
1403 149 4.818238079497071
1405 149 -1.992066800457977
1408 149 -1.323504301216649
1409 149 .6109099093641204
141 150 29.7812052094491
150 150 -65.52613599719493
159 150 35.74493078774582
1404 150 3.000109042929086
146 151 70.67744716706879
149 151 67.11972053832064
151 151 -359.410901481724
154 151 169.3386557831527
158 151 10.13913557427168
160 151 34.69717985953866
162 151 4.101073634643521
166 151 3.337688924728055
1400 151 2.147044323084176
1403 151 1.992066800457977
1405 151 4.828407667454377
1408 151 2.778435354307169
1412 151 -.4249556887611099
152 152 -33.75386213103186
154 152 33.75386213103186
1408 152 -1.084346286533146
153 153 -13.19676103558909
166 153 13.19676103558909
144 154 51.51102260048513
146 154 161.7633260127006
149 154 99.77205677596939
151 154 169.3386557831527
152 154 33.75386213103186
154 154 -606.9582590098781
156 154 27.61036429022709
157 154 20.18104360322168
164 154 18.37780006245968
168 154 16.41798391117392
172 154 8.232143839456182
1400 154 2.25878890773585
1403 154 1.323504301216649
1405 154 -2.778435354307169
1408 154 4.867727091557873
1410 154 -4.754251289272336
1411 154 -1.008202881639033
1422 154 -.2005934935164189
1426 154 2.188865682996088
149 155 6.535796364745247
155 155 -14.83834198644628
166 155 8.302545621701038
1403 155 -.6109099093641204
1409 155 .8874421976094713
154 156 27.61036429022709
156 156 -53.69797458512191
160 156 26.08761029489482
1408 156 4.754251289272336
1410 156 4.83620820375211
154 157 20.18104360322168
157 157 -110.8125739695243
163 157 41.55456326631261
174 157 49.07696709999004
1408 157 1.008202881639033
1411 157 1.441966269398254
151 158 10.13913557427168
158 158 -20.14062169034395
168 158 10.00148611607227
1405 158 .4249556887611099
1412 158 .8861174911016568
1422 158 .4611618023405469
136 159 20.21415983595592
150 159 35.74493078774582
159 159 -141.2258089427007
170 159 15.4399541423558
172 159 69.82676417664311
1404 159 7.434956296287474
1424 159 -3.961434127921528
1426 159 -20.64386684449928
151 160 34.69717985953866
156 160 26.08761029489482
160 160 -127.2663814932048
167 160 50.45442593831119
171 160 16.02716540046011
1405 160 5.278430739049527
1410 160 -.0819569144797744
1421 160 -4.760462959545875
1425 160 -2.561398225321047
161 161 -37.11138004954895
166 161 23.7488655277186
169 161 13.36251452183035
1423 161 -1.820933864430202
151 162 4.101073634643521
162 162 -4.101073634643521
1405 162 -2.576590116079073
157 163 41.55456326631261
163 163 -99.91690293973845
165 163 41.13239291015339
169 163 17.22994676327246
1411 163 -8.840275686740853
1423 163 .3759587758001086
133 164 29.72336871138751
149 164 21.92162904565956
154 164 18.37780006245968
164 164 -92.1429543149922
188 164 14.16556596361797
193 164 7.954590531867475
1403 164 -3.342734659005756
1408 164 -3.052312243914142
1442 164 -6.869265701629514
1447 164 -7.258449059080418
18 165 187.7857764459831
163 165 41.13239291015339
165 165 -228.9181693561365
1272 165 3.310597807348992
151 166 3.337688924728055
153 166 13.19676103558909
155 166 8.302545621701038
161 166 23.7488655277186
166 166 -56.78655508810557
178 166 8.200693978368786
1405 166 -1.03765750133662
1409 166 -1.498352106973592
1432 166 -3.373386290777395
160 167 50.45442593831119
167 167 -80.09831811766975
173 167 29.64389217935856
1421 167 .8893472346731435
1427 167 -3.871115724872732
144 168 41.57973304327675
154 168 16.41798391117392
158 168 10.00148611607227
168 168 -124.526447211125
175 168 15.86019479886453
180 168 40.66704934173755
1408 168 .2005934935164189
1412 168 -.4611618023405469
1422 168 .8918712844165251
1429 168 2.776605221514756
1434 168 -5.12302167655158
161 169 13.36251452183035
163 169 17.22994676327246
169 169 -30.59246128510281
1423 169 1.444975088630093
159 170 15.4399541423558
170 170 -41.89335803397122
172 170 26.45340389161542
1424 170 3.000678119504943
1426 170 -.9607560084165846
160 171 16.02716540046011
171 171 -30.7352138015075
179 171 14.7080484010474
1425 171 .8856277838176707
1433 171 -1.675770441503377
154 172 8.232143839456182
159 172 69.82676417664311
170 172 26.45340389161542
172 172 -299.7573749425973
175 172 125.2310963295325
176 172 70.01396670535009
1408 172 -2.188865682996088
1424 172 .9607560084165846
1426 172 3.016384270102713
1429 172 -12.41143248806935
167 173 29.64389217935856
173 173 -58.98325374918662
181 173 29.33936156982806
1421 173 3.871115724872732
1427 173 .8909320549643232
1435 173 -2.980183669908409
157 174 49.07696709999004
174 174 -89.24303092127892
193 174 15.14478570784682
199 174 25.02127811344206
1411 174 8.406512298981632
1447 174 -5.623270535927492
168 175 15.86019479886453
172 175 125.2310963295325
175 175 -312.9000128211388
176 175 86.0522863069887
177 175 37.44758973238446
183 175 39.9949012936012
189 175 8.313944359767437
1422 175 -2.776605221514756
1426 175 12.41143248806935
1429 175 2.97918896959638
1431 175 -3.006383475700014
1437 175 -5.55686617543709
1443 175 -1.699048042885287
172 176 70.01396670535009
175 176 86.0522863069887
176 176 -196.2631647245814
183 176 40.19691171224259
1426 176 3.987940411747717
1429 176 -3.60665939706418
1437 176 -7.312264540761683
175 177 37.44758973238446
177 177 -37.44758973238446
1429 177 3.006383475700014
1431 177 3.006383475700014
166 178 8.200693978368786
178 178 -13.92692372259967
199 178 5.72622974423088
1432 178 1.442958664044746
171 179 14.7080484010474
179 179 -28.71918957605114
182 179 14.01114117500374
1425 179 1.675770441503377
1433 179 .8899729625706935
1436 179 -.785797478932683
168 180 40.66704934173755
180 180 -114.5843903860034
185 180 73.91734104426587
1422 180 5.12302167655158
1434 180 .8739183790208154
1439 180 -4.249103297530764
173 181 29.33936156982806
181 181 -103.0941559043026
182 181 36.69129094738481
184 181 37.0635033870897
1427 181 2.980183669908409
1435 181 .8834097042193814
1436 181 -.1024616797534824
179 182 14.01114117500374
181 182 36.69129094738481
182 182 -50.70243212238854
1433 182 .785797478932683
1435 182 .1024616797534824
1436 182 .8882591586861655
175 183 39.9949012936012
176 183 40.19691171224259
183 183 -232.0809034336112
186 183 75.57263350253369
189 183 57.02540599190431
201 183 19.29105093332943
1429 183 5.55686617543709
1437 183 3.024455134866615
1440 183 -2.995677769044654
1443 183 -3.627705031838098
181 184 37.0635033870897
184 184 -96.9152074916479
187 184 46.29711732713297
194 184 13.55458677742523
1435 184 1.994312285935545
1441 184 -2.880319729419035
1448 184 -1.948416341695807
180 185 73.91734104426587
185 185 -152.6617413551336
192 185 78.74440031086769
1434 185 4.249103297530764
1439 185 .9074312640034554
1446 185 -3.341672033527309
183 186 75.57263350253369
186 186 -75.57263350253369
1437 186 2.995677769044654
1440 186 2.995677769044654
184 187 46.29711732713297
187 187 -107.3795036916855
191 187 61.08238636455256
1441 187 .8860255850225682
1445 187 -1.994294144396467
164 188 14.16556596361797
188 188 -107.6221504700523
190 188 65.88748254549746
199 188 27.5691019609369
1442 188 1.449003675275975
1444 188 -1.437669983470779
175 189 8.313944359767437
183 189 57.02540599190431
189 189 -77.11368658084679
197 189 11.77433622917505
1429 189 1.699048042885287
1437 189 3.627705031838098
1443 189 2.999642582015072
1451 189 -2.327110492708313
188 190 65.88748254549746
190 190 -65.88748254549746
1442 190 1.437669983470779
1444 190 1.437669983470779
187 191 61.08238636455256
191 191 -145.3873872707371
193 191 45.35626099820363
195 191 38.94873990798091
1441 191 1.994294144396467
1445 191 3.235923440887279
1447 191 2.996657731807122
1449 191 -1.75502843531631
185 192 78.74440031086769
192 192 -93.8923031875728
207 192 15.1479028767051
1439 192 3.341672033527309
1446 192 1.840390168236153
164 193 7.954590531867475
174 193 15.14478570784682
191 193 45.35626099820363
193 193 -129.6836054925833
194 193 41.56534645317607
208 193 19.6626218014893
1445 193 -2.996657731807122
1447 193 3.244336546543046
1448 193 -4.757820434065112
184 194 13.55458677742523
193 194 41.56534645317607
194 194 -60.32523652127811
204 194 5.205303290676809
1447 194 4.757820434065112
1448 194 3.239978883181164
1458 194 -3.466257892579756
191 195 38.94873990798091
195 195 -44.64726572809384
199 195 5.698525820112937
1445 195 1.75502843531631
1449 195 3.244694751765127
196 196 -15.68724564246907
201 196 15.68724564246907
1450 196 1.848379505522045
189 197 11.77433622917505
197 197 -49.55850981223277
198 197 37.78417358305772
1443 197 2.327110492708313
1451 197 2.999828959930348
1452 197 .6727184672220345
197 198 37.78417358305772
198 198 -71.20293286400761
201 198 33.41875928094989
1451 198 -.6727184672220345
1452 198 1.851782272512617
174 199 25.02127811344206
178 199 5.72622974423088
188 199 27.5691019609369
195 199 5.698525820112937
199 199 -212.218911039459
202 199 14.82179132580749
203 199 133.3819840749288
1432 199 1.93042762673265
1442 199 3.98259204288276
1449 199 -1.489666316448817
1456 199 -3.242514262779713
1457 199 -9.116459454259301
200 200 -112.0086053272313
201 200 92.70572743567509
207 200 19.30287789155619
1454 200 1.836040578677512
183 201 19.29105093332943
196 201 15.68724564246907
198 201 33.41875928094989
200 201 92.70572743567509
201 201 -161.1027832924235
1437 201 3.221292780449406
1450 201 -1.848379505522045
1452 201 -2.524500739734652
1454 201 -4.631384946325053
199 202 14.82179132580749
202 202 -14.82179132580749
1456 202 3.242514262779713
199 203 133.3819840749288
203 203 -207.6103575415158
212 203 19.33321659906285
214 203 9.478365405686667
215 203 45.41679146183753
1457 203 3.249343339198428
1466 203 -2.028591450203892
1468 203 -1.784103240507616
194 204 5.205303290676809
204 204 -30.32928658610867
205 204 20.1257228291131
206 204 4.998260466318755
1448 204 3.466257892579756
1458 204 3.241310326969709
1459 204 9.504792079040508
1460 204 -9.729739644650556
204 205 20.1257228291131
205 205 -75.64292966840733
207 205 9.293794566665415
208 205 46.22341227262881
1458 205 -9.504792079040508
1459 205 3.247743766485666
204 206 4.998260466318755
206 206 -13.9355268159964
211 206 8.937266349677643
1458 206 9.729739644650556
1460 206 3.243582542856351
1465 206 -6.486157101794205
192 207 15.1479028767051
200 207 19.30287789155619
205 207 9.293794566665415
207 207 -43.74457533492671
1446 207 1.501281865291156
1454 207 2.795344367647541
1459 207 -5.067141291967247
193 208 19.6626218014893
205 208 46.22341227262881
208 208 -191.328787794004
210 208 67.31419441271863
215 208 58.12855930716721
1447 208 1.88290488259263
1459 208 -7.685394553558926
1464 208 -4.176078130755159
209 209 -10.30343330840486
211 209 10.30343330840486
1463 209 3.242729835366307
1465 209 3.242729835366307
208 210 67.31419441271863
210 210 -84.47555463309308
213 210 17.16136022037445
1464 210 3.240643954945003
1467 210 -.9354341758101568
206 211 8.937266349677643
209 211 10.30343330840486
211 211 -19.2406996580825
1460 211 6.486157101794205
1463 211 -3.242729835366307
1465 211 3.243427266427897
203 212 19.33321659906285
212 212 -39.77829369481992
215 212 20.44507709575708
1457 212 2.028591450203892
1466 212 3.243252843300409
210 213 17.16136022037445
213 213 -26.4765826344719
215 213 9.315222414097446
1464 213 .9354341758101568
1467 213 3.245895485864962
203 214 9.478365405686667
214 214 -19.7763830659332
215 214 10.29801766024653
1457 214 1.784103240507616
1468 214 3.244227354386424
203 215 45.41679146183753
208 215 58.12855930716721
212 215 20.44507709575708
213 215 9.315222414097446
214 215 10.29801766024653
215 215 -216.1518395723402
216 215 72.54817163323439
1457 215 2.054421424349365
1466 215 -1.214661393096516
1467 215 -2.310461310054805
1468 215 -1.460124113878808
215 216 72.54817163323439
216 216 -108232.5481716332
1251 216 108160
217 217 -60.27497589562828
218 217 60.27497589562828
217 218 60.27497589562828
218 218 -242.3821220901723
219 218 58.9337484093156
221 218 17.21277070698213
222 218 55.46153937951783
227 218 50.49908769872849
1473 218 -12.94664226029497
1475 218 -7.193199235828605
1476 218 -8.506622221381265
1481 218 -11.25087273373248
218 219 58.9337484093156
219 219 -102760.5017671004
223 219 36.76282090967025
232 219 47.90519778144696
1250 219 102616.9
1473 219 6.411779011025779
1477 219 -4.702904501417998
1486 219 -1.831958747851197
220 220 -33.49814352774449
221 220 33.49814352774449
1474 220 5.756033798532654
1475 220 5.756033798532654
218 221 17.21277070698213
220 221 33.49814352774449
221 221 -68.06821285798273
222 221 17.35729862325612
1474 221 -5.756033798532654
1475 221 5.751957306291094
1476 221 4.314791868995142
218 222 55.46153937951783
221 222 17.35729862325612
222 222 -640.0731901084503
224 222 367.2619252899148
225 222 122.1196813931532
232 222 9.127900000475552
545 222 68.74484542213287
1475 222 -4.314791868995142
1476 222 5.739762632588174
1479 222 -7.276635285043737
1486 222 -.9368366404312602
219 223 36.76282090967025
223 223 -48.5304074688255
232 223 11.76758655915524
1473 223 4.702904501417998
1477 223 5.753133622804368
1486 223 1.05022912138637
222 224 367.2619252899148
224 224 -476.2904983521227
226 224 32.30248876736217
233 224 63.32325897743246
237 224 13.40282531741328
1476 224 -11.47750871977165
1491 224 -1.840725177965756
222 225 122.1196813931532
225 225 -243.5371711138278
227 225 108.8775872981772
239 225 12.53990242249747
1476 225 7.276635285043737
1479 225 5.745239852703595
1481 225 -.8171324647738536
1493 225 -.7142629675662877
224 226 32.30248876736217
226 226 -93.60035904120983
230 226 61.29787027384766
1484 226 -2.612012385817027
218 227 50.49908769872849
225 227 108.8775872981772
227 227 -303.6986987183447
232 227 58.74272222311946
239 227 85.57930149831952
1479 227 .8171324647738536
1481 227 5.765690125270759
1486 227 -2.071871396575951
1493 227 -4.230443676659625
228 228 -168.6064026678522
233 228 54.27063181320189
552 228 74.27166911476021
555 228 40.06410173989007
1806 228 -5.128453812167208
229 229 -13.55157446575765
232 229 13.55157446575765
1483 229 1.433893870408571
1486 229 1.433893870408571
226 230 61.29787027384766
230 230 -75.73965147983674
237 230 14.44178120598907
1484 230 1.693289906978225
1491 230 -.9187224788388028
231 231 -203.9568706928366
232 231 58.82356251733616
