%%MatrixMarket matrix coordinate real general
%-------------------------------------------------------------------------------
% UF Sparse Matrix Collection, Tim Davis
% http://www.cise.ufl.edu/research/sparse/matrices/FIDAP/ex29
% name: FIDAP/ex29
% [ TEST MATRIX FROM FIDAP: EX29.MAT]
% id: 426
% date: 1994
% author: A. Baggag, Y. Saad
% ed: A. Baggag, Y. Saad
% fields: title A name id date author ed kind
% kind: computational fluid dynamics problem
%-------------------------------------------------------------------------------
2870 2870 23754
1 1 1
2 2 1
3 3 1
4 4 1
5 5 1
6 6 1
7 7 1
8 8 1
9 9 1
10 10 1
11 11 1
12 12 1
13 13 1
14 14 1
15 15 1
16 16 1
17 17 1
18 18 1
19 19 1
20 20 1
21 21 1
22 22 1
23 23 1
24 24 1
25 25 1
26 26 1
27 27 1
28 28 1
29 29 1
30 30 1
31 31 1
32 32 1
33 33 1
34 34 1
35 35 1
36 36 1
37 37 1
38 38 1
39 39 1
40 40 1
41 41 1
42 42 1
43 43 .0604495086133128
44 43 -.0201974396386916
84 43 .00600636812429559
85 43 -.00530677756841122
43 44 -.0197084480625116
44 44 .0882921607356222
45 44 -.0190356707208863
84 44 -.00539588519989068
85 44 .0104619586915101
86 44 -.00508213651837836
44 45 -.0182247402359875
45 45 .085528236649274
46 45 -.0180482597304886
85 45 -.00517152034089613
86 45 .00998652447036041
87 45 -.00483217130974056
45 46 -.0169217049877344
46 46 .0832232467355705
47 46 -.0170959831257148
86 46 -.00492113672781866
87 46 .00949743187243307
88 46 -.0045944341017711
46 47 -.0156631228351624
47 47 .0812862234695202
48 47 -.016173058519982
87 47 -.00468302741468699
88 47 .00903219801309063
89 47 -.00436834227704042
47 48 -.0144467107498035
48 48 .0795964512946545
49 48 -.0152734540065658
88 48 -.00445661954049809
89 48 .00858968995327231
90 48 -.0041533401684023
48 49 -.0132705048869843
49 49 .078117994592394
50 49 -.0143908436476107
89 49 -.00424136867483729
90 49 .00816882866870616
91 49 -.00394889805149864
49 50 -.0121329000080147
50 50 .0768472901991379
51 50 -.0135185680249823
90 50 -.00403675778658977
91 50 .00776858628946261
92 50 -.00375451032846844
50 51 -.0110327060669604
51 51 .0757817970560155
52 51 -.0126495865279473
91 51 -.00384229580477426
92 51 .00738798379959202
93 51 -.0035696948123999
51 52 -.0099692115131923
52 52 .0749201385992011
53 52 -.0117764298808124
92 52 -.00365751703297684
93 52 .00702608878756747
94 52 -.00339399104551026
52 53 -.00894226396172837
53 53 .0742622856452901
54 53 -.0108911531636354
93 53 -.00348197982112532
94 53 .00668201367049104
95 53 -.00322695996248994
53 54 -.00795237143450195
54 54 .0738097841725844
55 54 -.00998528178039249
94 54 -.00331526647391546
95 54 .00635491343724429
96 54 -.00306818175411828
54 55 -.0070008187059547
55 55 .073566041258307
56 55 -.00904976801355045
95 55 -.0031569815238625
96 55 .00604398389993335
97 55 -.00291725594068527
55 56 -.00608982293218566
56 56 .073745922888989
57 56 -.00807493894337319
96 56 -.00300675219578876
97 56 .00574846072714036
98 56 -.00277380002440002
56 57 -.0052227106315953
57 57 .0742158190865352
58 57 -.00705045318495506
97 57 -.00286422752010991
98 57 .00546761728097164
99 57 -.00263744829582957
57 58 -.0044041413652324
58 58 .0748991002050667
59 58 -.00596526423303589
98 58 -.00272907773166021
99 58 .00520076362037813
100 58 -.00250785157879825
58 59 -.00364038252202517
59 59 .0758067907055389
60 59 -.0048075923945442
99 59 -.00260099458817534
100 59 .00494724570560245
101 59 -.00238467620216708
59 60 -.00293964234084854
60 60 .0769917047314497
61 60 -.00356491492395347
100 60 -.00247969114156048
101 60 .00470644417749017
102 60 -.00226760319089332
60 61 -.00231248332966075
61 61 .0789041530788301
62 61 -.00222398156818776
101 61 -.00236490174689659
102 61 .00447777396471832
103 61 -.00215632801298399
61 62 -.00177233218798323
62 62 .0803446878227079
63 62 -.00182039413034821
102 62 -.00225638280861613
103 62 .00439331076414518
104 62 -.00218187372375499
62 63 -.00228122739703218
63 63 .080476200772134
64 63 -.00247693565965559
103 63 -.00228489651662926
104 63 .00458908044883324
105 63 -.00234810778964788
63 64 -.00377975638856098
64 64 .0800688276583816
65 64 -.0032456663022403
104 64 -.00245383329560205
105 64 .00493657709817485
106 64 -.00252440124853195
64 65 -.00523272923503593
65 65 .0803695309644201
66 65 -.00411728358797098
105 65 -.00263240270874124
106 65 .00530410130667991
107 65 -.00271120390143134
65 66 -.00664470485187921
66 66 .080854003224256
67 66 -.00508390765963831
106 66 -.00282109456580353
107 66 .00569262377414492
108 66 -.00290899199930748
66 67 -.00802101761201107
67 67 .0815230334382471
68 67 -.00613900304698276
107 67 -.00302042258010692
108 67 .00610316621519716
109 67 -.00311826883899943
67 68 -.00936765202047957
68 68 .0823790705450529
69 68 -.00727729735759827
108 68 -.00323092501265321
109 68 .00653680382118846
110 68 -.00333956666224212
68 69 -.0106911317200213
69 69 .0836716467632979
70 69 -.00849468762189337
109 69 -.00345316657410581
110 69 .00699466737941259
111 69 -.00357344691178976
69 70 -.0119984109868955
70 70 .0852942036446729
71 70 -.0097881504749322
110 70 -.00368773873269795
111 70 .00747794466271828
112 70 -.00382050133121038
70 71 -.0132967861036755
71 71 .0871453449938384
72 71 -.0111556589996352
111 71 -.00393526093367169
112 71 .00798788413828683
113 71 -.00408135449920968
71 72 -.0145938195627202
72 72 .0892312468072278
73 72 -.0125960866206911
112 72 -.00419638320862725
113 72 .00852579674680143
114 72 -.00435666302621188
72 73 -.0158972619858327
73 73 .0915595492341348
74 73 -.0141091423695419
113 73 -.00447178545390631
114 73 .00909305861584703
115 73 -.00464711895764519
73 74 -.0172150114206594
74 74 .0941392198600091
75 74 -.0156952845086392
114 74 -.00476218102710271
115 74 .00969111476046602
116 74 -.00495344995961233
74 75 -.0185550524593329
75 75 .0969804246786956
76 75 -.0173556590521375
115 75 -.005068316961859
116 75 .0103214807951562
117 75 -.00527642074323004
75 76 -.0199254277843979
76 76 .100094433241683
77 76 -.0190920472658981
116 76 -.00539097561667856
117 76 .0109857486397923
118 76 -.00561683718960454
76 77 -.0213342166746187
77 77 .103707957143691
78 77 -.0209067989070093
117 77 -.00573097883817975
118 77 .0116855886135672
119 77 -.00597554425209001
77 78 -.0227895027392534
78 78 .107648607781063
79 78 -.0228027938974492
118 78 -.00608918601322117
119 78 .0124227524725058
120 78 -.00635343093502586
78 79 -.0242993707378515
79 79 .111897592183942
80 79 -.0247834055860892
119 79 -.00646649918361666
120 79 .0131990792518352
121 79 -.006751431041851
79 80 -.0258719031082008
80 80 .116634105550625
81 80 -.0269344615424397
120 80 -.00686386385328622
121 80 .0139305497848933
122 80 -.00708492263657076
80 81 -.0275971758028717
81 81 .0794961687849187
121 81 -.00719522118968685
122 81 .00803511781167265
82 82 1
83 83 1
43 84 .00600636812429559
44 84 -.00539588519989068
84 84 .0399552420766873
85 84 -.0202922502072556
125 84 .00538718136387797
126 84 -.00473394913415009
43 85 -.00530677756841122
44 85 .0104619586915101
45 85 -.00517152034089613
84 85 -.0202922502072556
85 85 .0698913045209193
86 85 -.0196274332036794
125 85 -.00485894380265389
126 85 .00946430765375289
127 85 -.00462145545455933
44 86 -.00508213651837836
45 86 .00998652447036041
46 86 -.00492113672781866
85 86 -.0196274332036794
86 86 .0669783433292119
87 86 -.0186256808367163
126 86 -.004750095090722
127 86 .00910343087782189
128 86 -.00437238340761514
45 87 -.00483217130974056
46 87 .00949743187243307
47 87 -.00468302741468699
86 87 -.0186256808367163
87 87 .0635630750593217
88 87 -.017673746649029
127 87 -.00450069961034585
128 87 .00861649065700887
129 87 -.00413600590532415
46 88 -.0045944341017711
47 88 .00903219801309063
48 88 -.00445661954049809
87 88 -.017673746649029
88 88 .0603182743724122
89 88 -.0167692803453542
128 88 -.00426405346420397
129 88 .008154310173694
130 88 -.00391172093860859
47 89 -.00436834227704042
48 89 .00858968995327231
49 89 -.00424136867483729
88 89 -.0167692803453542
89 89 .057235922319073
90 89 -.0159100424281715
129 89 -.00403956520923565
130 89 .00771571565621956
131 89 -.00369895301773791
48 90 -.0041533401684023
49 90 .00816882866870616
50 90 -.00403675778658977
89 90 -.0159100424281715
90 90 .0543083835905194
91 90 -.0150939011752668
130 90 -.00382667136590932
131 90 .00729958731310304
132 90 -.00349715345721291
49 91 -.00394889805149864
50 91 .00776858628946261
51 91 -.00384229580477426
90 91 -.0150939011752668
91 91 .0515283866636236
92 91 -.0143188239517665
131 91 -.0036248368092047
132 91 .00690485700004856
133 91 -.00330579750957938
50 92 -.00375451032846844
51 92 .00738798379959202
52 92 -.00365751703297684
91 92 -.0143188239517665
92 92 .0488890063687331
93 92 -.013582875729058
132 92 -.0034335523427062
133 92 .00653050546180495
134 92 -.00312438436844438
51 93 -.0035696948123999
52 93 .00702608878756747
53 93 -.00348197982112532
92 93 -.013582875729058
93 93 .0463836499638561
94 93 -.0128842126386253
133 93 -.00325233470613141
134 93 .00617556017546858
135 93 -.00295243491058855
52 94 -.00339399104551026
53 94 .00668201367049104
54 94 -.00331526647391546
93 94 -.0128842126386253
94 94 .044006043847175
95 94 -.0122210806470315
134 94 -.00308072478605763
135 94 .00583909306949529
136 94 -.00278949146696769
53 95 -.00322695996248994
54 95 .00635491343724429
55 95 -.0031569815238625
94 95 -.0122210806470315
95 95 .0417502191194608
96 95 -.0115918083941318
135 95 -.00291828761472374
136 95 .00552021868833713
137 95 -.00263511602112233
54 96 -.00306818175411828
55 96 .00604398389993335
56 96 -.00300675219578876
95 96 -.0115918083941318
96 96 .0396104985382644
97 96 -.0109948066429535
136 96 -.00276461104672239
137 96 .0052180919862517
138 96 -.00248888958258521
55 97 -.00291725594068527
56 97 .00574846072714036
57 97 -.00286422752010991
96 97 -.0109948066429535
97 97 .0375814893983777
98 97 -.0104285646542778
137 97 -.0026193054714321
138 97 .00493190678857647
139 97 -.00235041104660466
56 98 -.00277380002440002
57 98 .00546761728097164
58 98 -.00272907773166021
97 98 -.0104285646542778
98 98 .0356580700630731
99 98 -.00989164571089762
138 98 -.00248200327677303
139 98 .00466089395869451
140 98 -.00221929613715104
57 99 -.00263744829582957
58 99 .00520076362037813
59 99 -.00260099458817534
98 99 -.00989164571089762
99 99 .0338353827174906
100 99 -.00938268713802365
139 99 -.00235235834900806
140 99 .00440432006772398
141 99 -.00209517685512782
58 100 -.00250785157879825
59 100 .00494724570560245
60 100 -.00247969114156048
99 100 -.00938268713802365
100 100 .0321088285136593
101 100 -.00890039723217556
140 100 -.0022300461910558
141 100 .00416148610366285
142 100 -.00197770026700288
59 101 -.00238467620216708
60 101 .00470644417749017
61 101 -.00236490174689659
100 101 -.00890039723217556
101 101 .0304740595435014
102 101 -.00844355319938583
141 101 -.00211476363158879
142 101 .00393172609715811
143 101 -.00186652786655286
60 102 -.00226760319089332
61 102 .00447777396471832
62 102 -.00225638280861613
101 102 -.00844355319938583
102 102 .0289269758280073
103 102 -.00801100101104674
142 102 -.0020062290186567
143 102 .00371440619494828
144 102 -.00176133476318416
61 103 -.00215632801298399
62 103 .00439331076414518
63 103 -.00228489651662926
102 103 -.00801100101104674
103 103 .0283445206281421
104 103 -.00810771826688289
143 103 -.00190418261728375
144 103 .00363016087975931
145 103 -.00178120175653788
62 104 -.00218187372375499
63 104 .00458908044883324
64 104 -.00245383329560205
103 104 -.00810771826688289
104 104 .0296299407996958
105 104 -.00874765926152943
144 104 -.00192745788312591
145 104 .00380324728164506
146 104 -.00192963658922096
63 105 -.00234810778964788
64 105 .00493657709817485
65 105 -.00263240270874124
104 105 -.00874765926152943
105 105 .0319299496876249
106 105 -.00942664610763883
145 105 -.0020790485555111
146 105 .0041162316269745
147 105 -.00208797451878126
64 106 -.00252440124853195
65 106 .00530410130667991
66 106 -.00282109456580353
105 106 -.00942664610763883
106 106 .0343703258497594
107 106 -.0101466159803683
146 106 -.00224008041804571
147 106 .00444886737884595
148 106 -.00225669136980204
65 107 -.00271120390143134
66 107 .00569262377414492
67 107 -.00302042258010692
106 107 -.0101466159803683
107 107 .0369580079786282
108 107 -.0109096056974761
147 107 -.00241107135133289
148 107 .00480218159490362
149 107 -.00243628938773596
66 108 -.00290899199930748
67 108 .00610316621519716
68 108 -.00323092501265321
107 108 -.0109096056974761
108 108 .0397002873277936
109 108 -.0117177538327328
148 108 -.0025925631831089
149 108 .00517725215669609
150 108 -.00262729740784641
67 109 -.00311826883899943
68 109 .00653680382118846
69 109 -.00345316657410581
108 109 -.0117177538327328
109 109 .042604824234111
110 109 -.012573307894549
149 109 -.00278512188451926
150 109 .00557520969690925
151 109 -.00283027280989985
68 110 -.00333956666224212
69 110 .00699466737941259
70 110 -.00368773873269795
109 110 -.012573307894549
110 110 .0456796636769854
111 110 -.0134786259705449
150 110 -.00298933940770607
151 110 .00599723975190805
152 110 -.00304580187113088
69 111 -.00357344691178976
70 111 .00747794466271828
71 111 -.00393526093367169
110 111 -.0134786259705449
111 111 .048933245475016
112 111 -.0144361807401109
151 111 -.00320583413151088
152 111 .00644458422091879
153 111 -.00327450088480757
70 112 -.00382050133121038
71 112 .00798788413828683
72 112 -.00419638320862725
111 112 -.0144361807401109
112 112 .0523744283211431
113 112 -.0154485691643278
152 112 -.00343525202905329
153 112 .00691854435969425
154 112 -.00351701807275356
71 113 -.00408135449920968
72 113 .00852579674680143
73 113 -.00447178545390631
112 113 -.0154485691643278
113 113 .0560125057551901
114 113 -.0165185120771829
153 113 -.00367826861250585
154 113 .00742048301025741
155 113 -.00377403386770048
72 114 -.00435666302621188
73 114 .00909305861584703
74 114 -.00476218102710271
113 114 -.0165185120771829
114 114 .0598572216047761
115 114 -.0176488630913487
154 114 -.00393558941687822
155 114 .00795182674049122
156 114 -.00404626266868538
73 115 -.00464711895764519
74 115 .00969111476046602
75 115 -.005068316961859
114 115 -.0176488630913487
115 115 .063918796129065
116 115 -.0188426148230064
155 115 -.00420795172516888
156 115 .00851406940868438
157 115 -.00433445463978252
74 116 -.00495344995961233
75 116 .0103214807951562
76 116 -.00539097561667856
115 116 -.0188426148230064
116 116 .0682079424783884
117 116 -.0201029020373836
156 116 -.00449612663316074
157 116 .00910877476957156
158 116 -.00463939629223628
75 117 -.00527642074323004
76 117 .0109857486397923
77 117 -.00573097883817975
116 117 -.0201029020373836
117 117 .0727359000543446
118 117 -.0214330175601894
157 117 -.00480091970087923
158 117 .0097375804759644
159 117 -.00496191390020589
76 118 -.00561683718960454
77 118 .0116855886135672
78 118 -.00608918601322117
117 118 -.0214330175601894
118 118 .0775144521592526
119 118 -.0228364065087273
158 118 -.00512317442299906
159 118 .0104022009292269
160 118 -.00530287277329017
77 119 -.00597554425209001
78 119 .0124227524725058
79 119 -.00646649918361666
118 119 -.0228364065087273
119 119 .0825559486304268
120 119 -.024316684983662
159 119 -.00546377176686677
160 119 .0111044304841535
161 119 -.00566318102976196
78 120 -.00635343093502586
79 120 .0131990792518352
80 120 -.00686386385328622
119 120 -.024316684983662
120 120 .0878733421677933
121 120 -.025877642097327
160 120 -.00582363393463076
161 120 .0118461484082119
162 120 -.00604379074796216
79 121 -.006751431041851
80 121 .0139305497848933
81 121 -.00719522118968685
120 121 -.025877642097327
121 121 .092295109162368
122 121 -.0268424986538853
161 121 -.00620372568761454
162 121 .0123835814114922
163 121 -.00620230823547172
80 122 -.00708492263657076
81 122 .00803511781167265
121 122 -.0268424986538853
122 122 .0529620694292243
162 122 -.00635559707016647
163 122 .00706809298911665
123 123 1
124 124 1
84 125 .00538718136387797
85 125 -.00485894380265389
125 125 .0358078238643409
126 125 -.0181658771311627
166 125 .00482137076183806
167 125 -.00421706893723725
84 126 -.00473394913415009
85 126 .00946430765375289
86 126 -.004750095090722
125 126 -.0181658771311627
126 126 .0631574868320701
127 126 -.0179030460936568
166 126 -.00436265187612164
167 126 .00853703875297601
168 126 -.00419026950005305
85 127 -.00462145545455933
86 127 .00910343087782189
87 127 -.00450069961034585
126 127 -.0179030460936568
127 127 .0609690267926897
128 127 -.0169124948842024
167 127 -.00434354119187536
168 127 .00826826885317561
169 127 -.00394591378115208
86 128 -.00437238340761514
87 128 .00861649065700887
88 128 -.00426405346420397
127 128 -.0169124948842024
128 128 .0575966763371243
129 128 -.0159735970065525
168 128 -.00409890646770666
169 128 .00779101042055139
170 128 -.00371468304617592
87 129 -.00413600590532415
88 129 .008154310173694
89 129 -.00403956520923565
128 129 -.0159735970065525
129 129 .0544010840953166
130 129 -.01508390766845
169 129 -.00386745752244948
170 129 .00733932468166337
171 129 -.0034959459884378
88 130 -.00391172093860859
89 130 .00771571565621956
90 130 -.00382667136590932
129 130 -.01508390766845
130 130 .0513738986259096
131 130 -.014241088591767
170 130 -.00364857431679692
171 130 .00691197740287083
172 130 -.00328909824180164
89 131 -.00369895301773791
90 131 .00729958731310304
91 131 -.0036248368092047
130 131 -.014241088591767
131 131 .0485071500644816
132 131 -.0134429115273461
171 131 -.0034416651029681
172 131 .00650778833766527
173 131 -.00309356209447634
90 132 -.00349715345721291
91 132 .00690485700004856
92 132 -.0034335523427062
131 132 -.0134429115273461
132 132 .0457932369806382
133 132 -.0126872471915562
172 132 -.00324616649421071
173 132 .00612562886995749
174 132 -.00290878422073097
91 133 -.00330579750957938
92 133 .00653050546180495
93 133 -.00325233470613141
132 133 -.0126872471915562
133 133 .0432249087954422
134 133 -.0119720659679546
173 133 -.00306154157851654
174 133 .00576441989924431
175 133 -.00273423581725638
92 134 -.00312438436844438
93 134 .00617556017546858
94 134 -.00308072478605763
133 134 -.0119720659679546
134 134 .0407952501045095
135 134 -.0112954280240498
174 134 -.00288728003547434
175 134 .00542312923631957
176 134 -.00256940982888472
93 135 -.00295243491058855
94 135 .00583909306949529
95 135 -.00291828761472374
134 135 -.0112954280240498
135 135 .0384976640396255
136 135 -.0106554834587834
175 135 -.0027228958171456
176 135 .00510076888417749
177 135 -.00241382083690803
94 136 -.00278949146696769
95 136 .00552021868833713
96 136 -.00276461104672239
135 136 -.0106554834587834
136 136 .0363258633019399
137 136 -.0100504666425039
176 136 -.00256792744041826
177 136 .00479639384285779
178 136 -.00226700383336123
95 137 -.00263511602112233
96 137 .0052180919862517
97 137 -.0026193054714321
136 137 -.0100504666425039
137 137 .0342738549833399
138 137 -.00947869295818493
177 137 -.00242193704245569
178 137 .00450909961200346
179 137 -.00212851291869809
96 138 -.00248888958258521
97 138 .00493190678857647
98 138 -.00248200327677303
137 138 -.00947869295818493
138 138 .0323359297411612
139 138 -.00893855532254317
178 138 -.00228450960847508
179 138 .00423802036783577
180 138 -.00199792051648776
97 139 -.00235041104660466
98 139 .00466089395869451
99 139 -.00235235834900806
138 139 -.00893855532254317
139 139 .0305066519196999
140 139 -.0084285216028846
179 139 -.00215525278247641
180 139 .00398232722635314
181 139 -.00187481629964835
98 140 -.00221929613715104
99 140 .00440432006772398
100 140 -.0022300461910558
139 140 -.0084285216028846
140 140 .0287808524839592
141 140 -.00794713267297809
180 140 -.00203379634812634
181 140 .00374122682527644
182 140 -.00175880663244396
99 141 -.00209517685512782
100 141 .00416148610366285
101 141 -.00211476363158879
140 141 -.00794713267297809
141 141 .0271536205095412
142 141 -.00749299868324041
181 141 -.00191979246967244
182 141 .00351395971977958
183 141 -.00164951324271497
100 142 -.00197770026700288
101 142 .00393172609715811
102 142 -.0020062290186567
141 142 -.00749299868324041
142 142 .0256202965450292
143 142 -.00706479835458648
182 142 -.00181291527379933
183 142 .00329979873145285
184 142 -.00154657265180772
101 143 -.00186652786655286
102 143 .00371440619494828
103 143 -.00190418261728375
142 143 -.00706479835458648
143 143 .024176469467841
144 143 -.00666127694293978
183 143 -.00171286127424775
184 143 .00309804790579686
185 143 -.0014496353234471
102 144 -.00176133476318416
103 144 .00363016087975931
104 144 -.00192745788312591
143 144 -.00666127694293978
144 144 .0236113792148592
145 144 -.00673806977666044
184 144 -.00161934978414622
185 144 .00301702033654695
186 144 -.00146488447072067
103 145 -.00178120175653788
104 145 .00380324728164506
105 145 -.0020790485555111
144 145 -.00673806977666044
145 145 .024737716835401
146 145 -.00730745816080328
185 145 -.00163832047741304
186 145 .00316825552440057
187 145 -.00159538103403888
104 146 -.00192963658922096
105 146 .0041162316269745
106 146 -.00224008041804571
145 146 -.00730745816080328
146 146 .0267867506938879
147 146 -.00791461074985661
186 146 -.00177228968897402
187 146 .00344618083954944
188 146 -.00173536650004076
105 147 -.00208797451878126
106 147 .00444886737884595
107 147 -.00241107135133289
146 147 -.00791461074985661
147 147 .0289720136046085
148 147 -.00856157553952686
187 147 -.00191525754147782
188 147 .00374286347915029
189 147 -.00188533994076115
106 148 -.00225669136980204
107 148 .00480218159490362
108 148 -.0025925631831089
147 148 -.00856157553952686
148 148 .0313008303730835
149 148 -.00925050415605011
188 148 -.00206776700200173
189 148 .00405938202120668
190 148 -.00204582807563979
107 149 -.00243628938773596
108 149 .00517725215669609
109 149 -.00278512188451926
148 149 -.00925050415605011
149 149 .0337808874770924
150 149 -.00998365165934234
189 149 -.0022303863003072
190 149 .00439686905266892
191 149 -.00221738573635034
108 150 -.00262729740784641
109 150 .00557520969690925
110 150 -.00298933940770607
149 150 -.00998365165934234
150 150 .0364202460821186
151 150 -.0107633838349884
190 150 -.00240370930022689
191 150 .00475651278472441
192 150 -.00240059743239159
109 151 -.00283027280989985
110 151 .00599723975190805
111 151 -.00320583413151088
150 151 -.0107633838349884
151 151 .0392273574852493
152 151 -.0115921785449346
191 151 -.00258835693231987
192 151 .00513955885725831
193 151 -.00259607780929048
110 152 -.00304580187113088
111 152 .00644458422091879
112 152 -.00343525202905329
151 152 -.0115921785449346
152 152 .0422110753323723
153 152 -.0124726310729535
192 152 -.00278497775814429
193 152 .00554731225582183
194 152 -.00280447326319246
111 153 -.00327450088480757
112 153 .00691854435969425
113 153 -.00367826861250585
152 153 -.0124726310729535
153 153 .0453806739957023
154 153 -.0134074592243087
193 153 -.00299424952607129
194 153 .00598113928153007
195 153 -.00302646243730446
112 154 -.00351701807275356
113 154 .00742048301025741
114 154 -.00393558941687822
153 154 -.0134074592243087
154 154 .0487458635028071
155 154 -.0143995065752268
194 154 -.00321687975565542
195 154 .00644246958039232
196 154 -.00326275768414894
113 155 -.00377403386770048
114 155 .00795182674049122
115 155 -.00420795172516888
154 155 -.0143995065752268
155 155 .0523168062302524
156 155 -.0154517486350211
195 155 -.00345360741060925
196 155 .00693279871506905
197 155 -.00351410624348243
114 156 -.00404626266868538
115 156 .00851406940868438
116 156 -.00449612663316074
155 156 -.0154517486350211
156 156 .0561041403991429
157 156 -.0165673001716387
196 156 -.00370520397480238
197 156 .00745369105635332
198 156 -.0037812918261458
115 157 -.00433445463978252
116 157 .00910877476957156
117 157 -.00480091970087923
156 157 -.0165673001716387
157 157 .0601189972662575
158 157 -.0177494176339698
197 157 -.0039724753991647
198 157 .00800678187525145
199 157 -.00406513506195241
116 158 -.00463939629223628
117 158 .0097375804759644
118 158 -.00512317442299906
157 158 -.0177494176339698
158 158 .0643730272734611
159 158 -.0190015116575282
198 158 -.00425626246673924
199 158 .00859378111603493
200 158 -.00436649677016826
117 159 -.00496191390020589
118 159 .0104022009292269
119 159 -.00546377176686677
158 159 -.0190015116575282
159 159 .0688784207814188
160 159 -.0203271463473651
199 159 -.00455744431663088
200 159 .0092164762354956
201 159 -.00468627730883128
118 160 -.00530287277329017
119 160 .0111044304841535
120 160 -.00582363393463076
159 160 -.0203271463473651
160 160 .073647929876429
161 160 -.021730052463081
200 160 -.00487693790290436
201 160 .00987673544068735
202 160 -.00502542044624224
119 161 -.00566318102976196
120 161 .0118461484082119
121 161 -.00620372568761454
160 161 -.021730052463081
161 161 .0786949022630652
162 161 -.0232141337223011
201 161 -.00521570195561843
202 161 .010576512019545
203 161 -.00538491360217166
120 162 -.00604379074796216
121 162 .0123835814114922
122 162 -.00635559707016647
161 162 -.0232141337223011
162 162 .0819089121315892
163 162 -.0235661984035941
202 162 -.00557473741214731
203 162 .010963242271408
204 162 -.00541603318682274
121 163 -.00620230823547172
122 163 .00706809298911665
162 163 -.0235661984035941
163 163 .0465324715492164
203 163 -.00559383968300292
204 163 .00619882019830464
164 164 1
165 165 1
125 166 .00482137076183806
126 166 -.00436265187612164
166 166 .0320248440059576
167 166 -.016227743559261
207 166 .00430605122294714
208 166 -.00375154422179448
125 167 -.00421706893723725
126 167 .00853703875297601
127 167 -.00434354119187536
166 167 -.016227743559261
167 167 .0569148523729293
168 167 -.0162706375212206
207 167 -.00390649946568528
208 167 .00767922147111813
209 167 -.00378858438940312
126 168 -.00419026950005305
127 168 .00826826885317561
128 168 -.00409890646770666
167 168 -.0162706375212206
168 168 .055306196770154
169 168 -.0153050753994091
208 168 -.0039551192555719
209 168 .0074836141848684
210 168 -.00355204506150443
127 169 -.00394591378115208
128 169 .00779101042055139
129 169 -.00386745752244948
168 169 -.0153050753994091
169 169 .0520245372945887
170 169 -.0143926973530453
209 169 -.00371831279511883
210 169 .00702206767873223
211 169 -.00332895341140718
128 170 -.00371468304617592
129 170 .00733932468166337
130 170 -.00364857431679692
169 170 -.0143926973530453
170 170 .0489247957673959
171 170 -.0135309182448608
210 170 -.00349501862056648
211 170 .00658667587803427
212 170 -.00311863930328393
129 171 -.0034959459884378
130 171 .00691197740287083
131 171 -.0034416651029681
170 171 -.0135309182448608
171 171 .0459981512078143
172 171 -.0127172670901962
211 171 -.00328457824967736
212 171 .00617612655990116
213 171 -.00292046210425104
130 172 -.00328909824180164
131 172 .00650778833766527
132 172 -.00324616649421071
171 172 -.0127172670901962
172 172 .0432361737794482
173 172 -.0119493801742547
212 172 -.00308636418798729
213 172 .0057891632346454
214 172 -.00273380737938912
131 173 -.00309356209447634
132 173 .00612562886995749
133 173 -.00306154157851654
172 173 -.0119493801742547
173 173 .0406308061034963
174 173 -.0112249968916917
213 173 -.00289977689325117
214 173 .00542458221725517
215 173 -.00255808716161593
132 174 -.00290878422073097
133 174 .00576441989924431
134 174 -.00288728003547434
173 174 -.0112249968916917
174 174 .0381743530546439
175 174 -.0105419579181206
214 174 -.00272424539603867
215 174 .00508123119988299
216 174 -.00239273830712484
133 175 -.00273423581725638
134 175 .00542312923631957
135 175 -.0027228958171456
174 175 -.0105419579181206
175 175 .0358594633841529
176 175 -.00989819616851456
215 175 -.00255922571862595
216 175 .00475800617774316
217 175 -.00223722109248099
134 176 -.00256940982888472
135 176 .00510076888417749
136 176 -.00256792744041826
175 176 -.00989819616851456
176 176 .0336791129119338
177 176 -.00929173574786374
216 176 -.00240419992429093
217 176 .00445384911594085
218 176 -.00209101816472944
135 177 -.00241382083690803
136 177 .00479639384285779
137 177 -.00242193704245569
176 177 -.00929173574786374
177 177 .0316265977801895
178 177 -.00872068876277365
217 177 -.00225867545115203
218 177 .00416774650545149
219 177 -.00195363424451292
136 178 -.00226700383336123
137 178 .00450909961200346
138 178 -.00228450960847508
177 178 -.00872068876277365
178 178 .0296955197142161
179 178 -.00818324954229482
218 178 -.00212218512001761
219 178 .0038987270590571
220 178 -.00182459405659555
137 179 -.00212851291869809
138 179 .00423802036783577
139 179 -.00215525278247641
178 179 -.00818324954229482
179 179 .0278797757396111
180 179 -.00767769389266867
219 179 -.00199428566837803
220 179 .00364585979594052
221 179 -.00170344246440902
138 180 -.00199792051648776
139 180 .00398232722635314
140 180 -.00203379634812634
179 180 -.00767769389266867
180 180 .026173548812735
181 180 -.00720237374131222
220 180 -.00187455845566434
221 180 .00340825228339621
222 180 -.00158974259406373
139 181 -.00187481629964835
140 181 .00374122682527644
141 181 -.00191979246967244
180 181 -.00720237374131222
181 181 .0245712998100752
182 181 -.00675571711238318
221 181 -.00176260816027837
222 181 .00318504864846045
223 181 -.001483075739247
140 182 -.00175880663244396
141 182 .00351395971977958
142 182 -.00181291527379933
181 182 -.00675571711238318
182 182 .0230677619469113
183 182 -.00633622385991561
222 182 -.00165806362165626
223 182 .00297542835188519
224 182 -.0013830401788525
141 183 -.00164951324271497
142 183 .00329979873145285
143 183 -.00171286127424775
182 183 -.00633622385991561
183 183 .0216579321085714
184 183 -.00594246385926855
223 183 -.00156057746384446
224 183 .00277860394145486
225 183 -.00128925015432816
142 184 -.00154657265180772
143 184 .00309804790579686
144 184 -.00161934978414622
183 184 -.00594246385926855
184 184 .020337068172967
185 184 -.00557307575357546
224 184 -.0014698263251568
225 184 .00259381951322908
226 184 -.00120133535404073
143 185 -.0014496353234471
144 185 .00301702033654695
145 185 -.00163832047741304
184 185 -.00557307575357546
185 185 .0198049411961655
186 185 -.00563352939899828
225 185 -.00138551151187623
226 185 .00251743023539552
227 185 -.00121285538009531
144 186 -.00146488447072067
145 186 .00316825552440057
146 186 -.00177228968897402
185 186 -.00563352939899828
186 186 .0207816317573993
187 186 -.00613427599107727
226 186 -.00140094940479588
227 186 .00264861746104889
228 186 -.00132640754066651
145 187 -.00159538103403888
146 187 .00344618083954944
147 187 -.00191525754147782
186 187 -.00613427599107727
187 187 .0225843562419077
188 187 -.00667061848113915
227 187 -.00151817072115865
228 187 .00289329551389862
229 187 -.00144885129467879
146 188 -.00173536650004076
147 188 .00374286347915029
148 188 -.00206776700200173
187 188 -.00667061848113915
188 188 .0245160319005406
189 188 -.00724468212693519
228 188 -.00164377327427095
229 188 .0031554608896867
230 188 -.00158069679519747
147 189 -.00188533994076115
148 189 .00405938202120668
149 189 -.0022303863003072
188 189 -.00724468212693519
189 189 .0265842594918847
190 189 -.0078587023973658
229 189 -.00177831253968434
230 189 .00343621919623663
231 189 -.00172248383449842
148 190 -.00204582807563979
149 190 .00439686905266892
150 190 -.00240370930022689
189 190 -.0078587023973658
190 190 .0287970290495969
191 190 -.0085150282123303
230 190 -.00192237125115641
231 190 .00373673540749382
232 190 -.00187478310312072
149 191 -.00221738573635034
150 191 .00475651278472441
151 191 -.00258835693231987
190 191 -.0085150282123303
191 191 .0311627335341959
192 191 -.00921612600998784
231 191 -.00207656057709114
232 191 .00405823543000322
233 191 -.00203819703120305
150 192 -.00240059743239159
151 192 .00513955885725831
152 192 -.00278497775814429
191 192 -.00921612600998784
192 192 .033690181481292
193 192 -.00996458241614856
232 192 -.0022415207968275
233 192 .0044020075619817
234 192 -.00221336085352168
151 193 -.00259607780929048
152 193 .00554731225582183
153 193 -.00299424952607129
192 193 -.00996458241614856
193 193 .0363886137588121
194 193 -.0107631109137403
233 193 -.00241792236616138
234 193 .00476940493172856
235 193 -.00240094426616318
152 194 -.00280447326319246
153 194 .00598113928153007
154 194 -.00321687975565542
193 194 -.0107631109137403
194 194 .0392677159303072
195 194 -.0116145518248782
234 194 -.00260646763758671
235 194 .0051618469616154
236 194 -.00260165138724884
153 195 -.00302646243730446
154 195 .00644246958039232
155 195 -.00345360741060925
194 195 -.0116145518248782
195 195 .0423376335189809
196 195 -.0125218808477969
235 195 -.00280789080383968
236 195 .00558082151873354
237 195 -.00281622308764296
154 196 -.00326275768414894
155 196 .00693279871506905
156 196 -.00370520397480238
195 196 -.0125218808477969
196 196 .0456089918324072
197 196 -.0134882118510421
236 196 -.00302296039491648
237 196 .00602788762962539
238 196 -.0030454373653611
155 197 -.00351410624348243
156 197 .00745369105635332
157 197 -.0039724753991647
196 197 -.0134882118510421
197 197 .0490929133644014
198 197 -.0145168037159631
237 197 -.0032524797486643
238 197 .00650467754939474
239 197 -.00329011102178339
156 198 -.0037812918261458
157 198 .00800678187525145
158 198 -.00425626246673924
197 198 -.0145168037159631
198 198 .0528010327299084
199 198 -.0156110619201964
238 198 -.00349728879601027
239 198 .00701289933143945
240 198 -.00355110056601188
157 199 -.00406513506195241
158 199 .00859378111603493
159 199 -.00455744431663088
198 199 -.0156110619201964
199 199 .0567455225442002
200 199 -.0167745518222658
239 199 -.00375826503976984
240 199 .00755433986497073
241 199 -.00382930418932234
158 200 -.00436649677016826
159 200 .0092164762354956
160 200 -.00487693790290436
199 200 -.0167745518222658
200 200 .0609391124432783
201 200 -.0180109960961991
240 200 -.00403632579267305
241 200 .00813086765231175
242 200 -.00412566250318025
159 201 -.00468627730883128
160 201 .00987673544068735
161 201 -.00521570195561843
200 201 -.0180109960961991
201 201 .0653951139801419
202 201 -.0193242916333962
241 201 -.00433242891004482
242 201 .00874443659584112
243 201 -.00444116144035758
160 202 -.00502542044624224
161 202 .010576512019545
162 202 -.00557473741214731
201 202 -.0193242916333962
202 202 .0701274447630547
203 202 -.0207185063527149
242 202 -.00464757595599474
243 202 .00939708844256665
244 202 -.00477683168294923
161 203 -.00538491360217166
162 203 .010963242271408
163 203 -.00559383968300292
202 203 -.0207185063527149
203 203 .0724088570745098
204 203 -.0206284881561961
243 203 -.00498281163691094
244 203 .00966844060802197
245 203 -.00471846720496377
162 204 -.00541603318682274
163 204 .00619882019830464
203 204 -.0206284881561961
204 204 .0407676156865286
244 204 -.00490733520499373
245 204 .00542116209736454
205 205 1
206 206 1
166 207 .00430605122294714
167 207 -.00390649946568528
207 207 .0285856363963425
208 207 -.0144673591683201
248 207 .00383822120210428
249 207 -.00333313528915147
166 208 -.00375154422179448
167 208 .00767922147111813
168 208 -.0039551192555719
207 208 -.0144673591683201
208 208 .0511545243658986
209 208 -.014735755503253
248 208 -.00348935142104369
249 208 .00688925898192705
250 208 -.00341620697597951
167 209 -.00378858438940312
168 209 .0074836141848684
169 209 -.00371831279511883
208 209 -.014735755503253
209 209 .0500043374828418
210 209 -.0138061629170836
249 209 -.0035872709261006
250 209 .00675102285109891
251 209 -.00318989648158069
168 210 -.00355204506150443
169 210 .00702206767873223
170 210 -.00349501862056648
209 210 -.0138061629170836
210 210 .0468509149749647
211 210 -.0129307461456954
250 210 -.00336068428569399
251 210 .00630980883023918
252 210 -.00297720395874722
169 211 -.00332895341140718
170 211 .00658667587803427
171 211 -.00328457824967736
210 211 -.0129307461456954
211 211 .0438826506433194
212 211 -.0121067524023891
251 211 -.00314778209137381
252 211 .00589501767469372
253 211 -.00277741716348918
170 212 -.00311863930328393
171 212 .00617612655990116
172 212 -.00308636418798729
211 212 -.0121067524023891
212 212 .0410901635334484
213 212 -.0113315525047865
252 212 -.00294786397957114
253 212 .00550525108574404
254 212 -.00258985507471145
171 213 -.00292046210425104
172 213 .0057891632346454
173 213 -.00289977689325117
212 213 -.0113315525047865
213 213 .0384644826648293
214 213 -.0106026251679392
253 213 -.00276026238101143
254 213 .00513916933659869
255 213 -.00241386443947647
172 214 -.00273380737938912
173 214 .00542458221725517
174 214 -.00272424539603867
213 214 -.0106026251679392
214 214 .035997030359332
215 214 -.00991756275080868
254 214 -.00258433925036013
255 214 .00479548937908186
256 214 -.00224882135924388
173 215 -.00255808716161593
174 215 .00508123119988299
175 215 -.00255922571862595
214 215 -.00991756275080868
215 215 .0336796135522193
216 215 -.00927406015349708
255 215 -.00241948806497448
256 215 .0044729831200537
257 215 -.00209412806524865
174 216 -.00239273830712484
175 216 .00475800617774316
176 216 -.00240419992429093
215 216 -.00927406015349708
216 216 .0315044028605771
217 216 -.0086699135175014
256 216 -.00226513059414003
257 216 .00417047400350384
258 216 -.0019492128646621
175 217 -.00223722109248099
176 217 .00445384911594085
177 217 -.00225867545115203
216 217 -.0086699135175014
217 217 .029463921147086
218 217 -.00810301431803911
257 217 -.00212071744143844
258 217 .00388683539768642
259 217 -.00181352861986365
176 218 -.00209101816472944
177 218 .00416774650545149
178 218 -.00212218512001761
217 218 -.00810301431803911
218 218 .0275510340351203
219 218 -.00757134937755588
258 218 -.00198572672431881
259 218 .00362098839688928
260 218 -.00168655225364655
177 219 -.00195363424451292
178 219 .0038987270590571
179 219 -.00199428566837803
218 219 -.00757134937755588
219 219 .0257589376187558
220 219 -.00707299294913052
259 219 -.00185966407154907
260 219 .00337189977823514
261 219 -.00156778332623913
178 220 -.00182459405659555
179 220 .00364585979594052
180 220 -.00187455845566434
219 220 -.00707299294913052
220 220 .0240811480548516
221 220 -.00660610780962023
260 220 -.00174206176820967
261 220 .00313857972465635
262 220 -.00145674334441215
179 221 -.00170344246440902
180 221 .00340825228339621
181 221 -.00176260816027837
220 221 -.00660610780962023
221 221 .0225114933411694
222 221 -.00616893848747438
261 221 -.00163247855740412
262 221 .00292007992675607
263 221 -.00135297488836185
180 222 -.00158974259406373
181 222 .00318504864846045
182 222 -.00165806362165626
221 222 -.00616893848747438
222 222 .0210441035268788
223 222 -.00575981105252951
262 222 -.00153049949482409
263 222 .00271549140472649
264 222 -.001256040469496
181 223 -.001483075739247
182 223 .00297542835188519
183 223 -.00156057746384446
222 223 -.00575981105252951
223 223 .0196734070369461
224 223 -.00537712987381378
263 223 -.00143573571264987
264 223 .00252394253137335
265 223 -.0011655221047186
182 224 -.0013830401788525
183 224 .00277860394145486
184 224 -.0014698263251568
223 224 -.00537712987381378
224 224 .0183941218434703
225 224 -.00501937394810492
264 224 -.00134782483775268
265 224 .00234459677560243
266 224 -.0010810198766712
183 225 -.00128925015432816
184 225 .00259381951322908
185 225 -.00138551151187623
224 225 -.00501937394810492
225 225 .0172012508324308
226 225 -.00468509579673737
265 225 -.0012664308535178
266 225 .00217665027235808
267 225 -.00100215148078102
184 226 -.00120133535404073
185 226 .00251743023539552
186 226 -.00140094940479588
225 226 -.00468509579673737
226 226 .0167093800227376
227 226 -.00473218609521162
266 226 -.00119124488936526
267 226 .00210543235414304
268 226 -.00101068353470009
185 227 -.00121285538009531
186 227 .00264861746104889
187 227 -.00151817072115865
226 227 -.00473218609521162
227 227 .0175502889180987
228 227 -.00516931761855277
267 227 -.00120379021358894
268 227 .00221872793471867
269 227 -.00110876951397036
186 228 -.00132640754066651
187 228 .00289329551389862
188 228 -.00164377327427095
227 228 -.00516931761855277
228 228 .0191229093024879
229 228 -.0056393136372655
268 228 -.0013056406015775
269 228 .00243304109427102
