%%MatrixMarket matrix coordinate real general
%-------------------------------------------------------------------------------
% UF Sparse Matrix Collection, Tim Davis
% http://www.cise.ufl.edu/research/sparse/matrices/IBM_Austin/coupled
% name: IBM_Austin/coupled
% [IBM Austin, transient simulation, timing path. high coupling]
% id: 1183
% date: 2004
% author: E. Acar
% ed: T. Davis
% fields: A name title Zeros id date author ed kind
% kind: circuit simulation problem
%-------------------------------------------------------------------------------
11341 11341 98523
10017 1 -1
6697 2 -1
10639 3 -1
11294 4 -1
1620 5 -1
2111 6 -1
2003 7 -1
5407 8 -1
5423 9 -1
5440 10 -1
5455 11 -1
5476 12 -1
5044 13 -1
453 14 -1
3344 15 -1
5408 16 -1
5610 17 -1
3889 18 -1
9292 19 -1
9324 20 -1
9372 21 -1
9416 22 -1
9433 23 -1
3514 24 -1
25 25 .29573284038817205
2189 25 .03683814546889517
5417 25 -.030905487187719814
6263 25 -.20598795886570875
11313 25 -.07874015748031
26 26 .27776022935201006
1380 26 -.1412211984828311
9508 26 -.1044932079415
10017 26 .025496253159918342
11159 26 -.05754207608665726
27 27 .6766075660903923
29 27 -.02702702702703
75 27 -.002065211718293
92 27 -.06270419980333
679 27 -.021399965437469998
700 27 -.15164708220948261
1479 27 -.0031352099901660003
2615 27 -.003244510888906
3665 27 -.09093911130866497
4238 27 -.0015244599034754
6637 27 -.003348059108765
7673 27 -.0011390304184458
10113 27 -.003054672485832
28 28 .33423028223196066
1409 28 -.04353710678033215
6906 28 -.1445446465898243
27 29 -.02702702702703
29 29 2.085796674923
34 29 -.01795332136445
11336 29 -2.040816326531
30 30 2.0153522836574482
77 30 -1.85873605948
489 30 -.000592525924747
5698 30 -.034573600075050004
6394 30 -3.4631126863860003e-7
7160 30 -.004884024370002
8837 30 -.0020537063605309998
10896 30 -.002997145697021
11341 30 -.1082251082251
31 31 .19229720601245653
76 31 -.062387240627017074
1283 31 -.04607507435042353
1433 31 -.07462686567164
32 32 .33423028221470286
1401 32 -.043537106786634625
6898 32 -.1445446465575831
33 33 2.39364162034162
36 33 -.6578947368421
40 33 -.1287001287001
3007 33 -8.80159868799e-7
5713 33 -.06270419980333
6399 33 -7.5935361229720006e-6
7160 33 -.0033250483932410002
8837 33 -.010354821985871
10896 33 -.009952134464197999
11106 33 -4.757465434619e-5
11335 33 -1.457725947522
29 34 -.01795332136445
34 34 .7891492323481191
694 34 -.2838268132055429
7669 34 -.13225843001999177
10017 34 -.35511066775719063
35 35 .4007897635864571
37 35 -.005025125628141
39 35 -.1855287569573
4238 35 -.1243357220593281
9468 35 -.0036042770459595946
10017 35 0
10383 35 -.0575189789004721
33 36 -.6578947368421
36 36 1.377536979705
40 36 -.4385964912281
87 36 -.1633986928105
11341 36 -.1176470588235
35 37 -.005025125628141
37 37 .28263408040990506
39 37 -.1633986928105
1403 37 -.0328095964669978
3826 37 -.08140065650856337
6476 37 -8.994770863415598e-9
10017 37 0
38 38 .20062533562329848
6298 38 -.02614170775738397
6562 38 -.08676043323066135
35 39 -.1855287569573
37 39 -.1633986928105
39 39 .7587635153426
11338 39 -.4098360655738
33 40 -.1287001287001
36 40 -.4385964912281
40 40 .7312310461587
98 40 -.1639344262295
41 41 .1282234584650445
2021 41 -.05780346820809
3736 41 -.036922003173965684
6344 41 6.297378386276513e-9
9096 41 -.02876350989687703
42 42 .07191689873811255
5830 42 -.030942300096323823
7940 42 -.00959364578201357
10017 42 -.03138095285976929
43 43 .12833868694682865
48 43 -.06993006993007
105 43 -1.5589135339171012e-8
4306 43 -.032755741590721206
9074 43 -.02565285983588584
44 44 .4266155318382069
6926 44 -.18335340635864184
10017 44 -.18598702394453825
11057 44 -.05727510153507834
45 45 .6332305145815195
848 45 -.1322751322751
1490 45 -.438192423391765
8718 45 -.23306549262208903
10017 45 .1703025337085146
46 46 .2532068366105883
48 46 -.1187648456057
3818 46 -.05929731619980018
6625 46 -.0022277733704508247
7574 46 -.055293972369061
47 47 .4266155295189817
1329 47 -.1833533997812457
8003 47 -.05727509989141184
10017 47 -.18598702984632826
43 48 -.06993006993007
46 48 -.1187648456057
48 48 1.43402492799
11338 48 -1.245330012453
49 49 .20011607659659533
2471 49 -2.1770976127685505e-9
2607 49 -.08130081300813
5282 49 -.048665738300602876
9581 49 -.06458162602712916
50 50 .4266155306243704
4833 50 -.0572751014779319
7095 50 -.18335340578034337
10017 50 -.18598702336610226
51 51 .7539020953981602
4586 51 -.6166730441691812
4799 51 -.1183431952663
6682 51 -.09294765860520335
52 52 .4099402859372504
1453 52 -.08310213736880712
1530 52 -.15067505642066503
10017 52 -.17616309214774828
53 53 4.947176724427
63 53 -.5
412 53 -3.460207612457
525 53 -.4464285714286
3926 53 -.5405405405405
54 54 .4266155295175914
7183 54 -.18335339978135323
9963 54 -.05727509989155663
10017 54 -.18598702984474164
55 55 1.48840783912
60 55 -.4739336492891
404 55 -.4739336492891
3702 55 -.5405405405405
56 56 1.088898030076
61 56 -.8547008547009
70 56 -.1176470588235
9167 56 -.1165501165501
57 57 2.151815396699
66 57 -.4739336492891
165 57 -.0025369313865379996
174 57 -.0025369313865379996
399 57 -.4739336492891
1072 57 -.0025369313865379996
1082 57 -.0025369313865379996
1311 57 -.005246443139508
1865 57 -.0025369313865379996
1874 57 -.0025369313865379996
2198 57 -.005246443139508
2502 57 -.0003371069824289
2615 57 -.009894607675387
2628 57 -.0025369313865379996
2633 57 -.0025369313865379996
2725 57 -.00525794849727
2786 57 -.0007708589700592
2806 57 -.0003371069824289
2946 57 -.0007766116489402999
3341 57 -.0003371069824289
3442 57 -.005068110094196
3747 57 -.5405405405405
3794 57 -.009894607675387
3826 57 -.0003025909091427
4349 57 -.0007766116489402999
4450 57 -.0003025909091427
5194 57 -.0007766116489402999
5306 57 -.002093975112698
5309 57 -.002093975112698
5548 57 -.0003371069824289
6041 57 -.00525794849727
6327 57 -.0007823643278213001
6563 57 -.0003025909091427
7076 57 -.005246443139508
8028 57 -.009837080886577
8634 57 -.003261768925549
8637 57 -.003261768925549
9480 57 -.0007708589700592
9674 57 -.009894607675387
10113 57 -.005068110094196
10215 57 -.0003025909091427
10601 57 -.009894607675387
11083 57 -.009837080886577
11090 57 -.003261768925549
11091 57 -.003261768925549
11144 57 -.00525794849727
58 58 .22939197392075877
2334 58 -.060817510166634385
3626 58 -.07936507936508
4840 58 -2.694779370359318e-9
7597 58 -.08074178354107792
59 59 1.2890172460780385
61 59 -.9803921568627
68 59 -.1176470588235
405 59 -.009837080886577
3196 59 -.003037414449189
3210 59 -.006673107502004999
3213 59 -.0016797822332633998
3223 59 -.004349025234066
4631 59 -.00012828473904717
4634 59 -.00012828473904717
5136 59 -.010354821985871
5138 59 -.0002174512617033
5146 59 -.0016280081233341001
5485 59 -.0011045143451595
5488 59 -.002847576046114
6225 59 -.00012540839960665
6229 59 -.010527402352301998
8346 59 -.04452573453924
8540 59 -2.163007259271e-8
8618 59 -.0018753733152188
9684 59 -.00420520826204
55 60 -.4739336492891
60 60 3.002545760407
420 60 -1.988071570577
3576 60 -.5405405405405
56 61 -.8547008547009
59 61 -.9803921568627
61 61 7.940764022484
64 61 -.1176470588235
9167 61 -5.988023952096
62 62 .3723253224972707
6305 62 .14681852155876113
8974 62 -.31814718491830407
10128 62 -.1234567901235
10133 62 -.077539869013289
53 63 -.5
63 63 1.514474189831
392 63 -.4739336492891
3761 63 -.5405405405405
61 64 -.1176470588235
64 64 2.15279356620712
501 64 -1.87265917603
3210 64 -.02778543899542
3907 64 -2.266555479129e-6
4461 64 -7.420955756541e-5
4631 64 -3.98660646456e-5
4634 64 -3.98660646456e-5
6225 64 -.002197523332557
6236 64 -.0012310732805424001
8346 64 -.009837080886577
9167 64 -.1092896174863
10054 64 -8.283857588696e-7
65 65 .3798541927106209
67 65 -.1234567901235
550 65 -.07753987711746396
6304 65 .14681853880662998
8981 65 -.3181471882629369
57 66 -.4739336492891
66 66 1.48840783912
395 66 -.4739336492891
4157 66 -.5405405405405
65 67 -.1234567901235
67 67 .5232801950395907
1113 67 -.41130718957504875
2482 67 -.061930965029442696
59 68 -.1176470588235
68 68 2.0288671261989
485 68 -1.893939393939
5136 68 -.0013921482892115
6225 68 -.00331929571436
8346 68 -.008341384377507002
69 69 1.474237883862
72 69 -.006896551724138
92 69 -1.457725947522
1479 69 -.009615384615385
56 70 -.1176470588235
70 70 .6140190739735
511 70 -.2100840336134
517 70 -.184842883549
4417 70 -.0003411338576456
4423 70 -.0003411338576456
4461 70 -.000348612340191
4631 70 -.0008226330799886001
4634 70 -.0008226330799886001
5488 70 -.06558053924385
6225 70 -.0013979009680925
6236 70 -.004101660042181
8346 70 -.0008053750433455
8618 70 -.006270419980333
9684 70 -.0008053750433455
9688 70 -5.42477618482e-5
10034 70 -4.1994555831590005e-6
71 71 .23412507794420973
441 71 -.04289946198097111
4826 71 4.3326524500984064e-8
5459 71 -.1044932079415
9245 71 -.07826485319515264
10017 71 0
69 72 -.006896551724138
72 72 .5766701910536751
1936 72 -.23166421735707513
3809 72 -.07401723793459034
10017 72 -.2640921840369097
73 73 1.22469886786902
90 73 -1.092896174863
1254 73 -.1176470588235
2423 73 -.007420955756541
7333 73 -.002496662634371
74 74 .4357536249922
78 74 -.184842883549
91 74 -.1176470588235
368 74 -.00035954243006490005
391 74 -.00012540839960665
725 74 -.004429562738400001
2071 74 -.00016797822332634
4287 74 -.0005033594020909
4293 74 -.0004170692188753
5610 74 -.00011217723818026
5787 74 -.008974179054421001
5800 74 -.0009434393364904
5803 74 -.0011217723818026
5995 74 -.00042799930874930003
6647 74 -.03106446595761
6832 74 -.0010930089873973999
7658 74 -.0011735464917319999
8051 74 -.002111233149341
9087 74 -.00017315563431928
11020 74 -.010067188041819001
11025 74 -.00132886882152
27 75 -.002065211718293
75 75 .3073061113342
86 75 -.1082251082251
94 75 -.1176470588235
2615 75 -.0017660724164789998
2768 75 -.0004469831490567
3818 75 -.00021399965437470002
4238 75 -.00010527402352302001
6041 75 -.005735420844396
6327 75 -.022090286903190003
8861 75 -.0003106446595761
10113 75 -.03135209990166
11336 75 -.005246443139508
31 76 -.07560015762553687
76 76 .3808345880885718
77 76 -.01501501501502
489 76 -.0006903214657246999
603 76 -.00013633848948063
1283 76 -.025988863338332342
2683 76 -.016855349121445002
3117 76 -.015992447289289002
3634 76 -.029281135504489998
5698 76 -.0010699982718732999
5701 76 -.0007133321812488999
5713 76 -.021399965437469998
6312 76 -.0014784384724271
7160 76 -.002329834946821
8837 76 -.0028705867616389998
10896 76 -.002588705496468
30 77 -1.85873605948
76 77 -.01501501501502
77 77 1.882841983586
81 77 -.009090909090909
74 78 -.184842883549
78 78 2.1002186567253998
645 78 -1.897533206831
725 78 -.0006788161079626001
5995 78 -6.212893191522e-5
6647 78 -.002772791220661
6832 78 -.007133321812489
79 79 .36093045765959564
1993 79 -.10016970231028337
3223 79 -.12977548714726633
6221 79 -.1234567901235
10473 79 3.979347483143652e-7
80 80 .6842859761704676
82 80 -.005952380952381
85 80 -.01206272617612
582 80 -.0003618435016174
1428 80 -.0010393400856095808
1695 80 -.010757509507542999
1698 80 -.010757509507542999
1755 80 -.0018466099208136
2423 80 -.007996223644644
5317 80 -.1291468922927648
5438 80 -3.998111822322e-5
5643 80 -.0011160197029216
5804 80 -.0003647198410579
7333 80 -.0003359564466527
8373 80 -.15762340134047
8465 80 -.004429562738400001
8967 80 -6.788161079626e-5
77 81 -.009090909090909
81 81 .387146951890666
1336 81 -.15781129968534097
5191 81 -.04716222171018247
10017 81 -.17308252140322528
80 82 -.005952380952381
82 82 .2774071489796829
90 82 -.01212121212121
1426 82 -.001039340360547298
5321 82 -.1291468921459337
83 83 .33423149429490995
2685 83 -.04353733792990222
6907 83 -.14454514660550472
84 84 1.517429193901
96 84 -.09259259259259
107 84 -.1176470588235
3416 84 -1.307189542484
80 85 -.01206272617612
85 85 1.115328941824
99 85 -.009174311926606
1269 85 -1.09409190372
75 86 -.1082251082251
86 86 2.0153522836574482
681 86 -1.85873605948
2615 86 -.0020537063605309998
6041 86 -.000592525924747
6327 86 -.004884024370002
6481 86 -3.4631126863860003e-7
10113 86 -.002997145697021
11336 86 -.034573600075050004
36 87 -.1633986928105
87 87 .3882453546618991
5720 87 -.14490374089435815
7708 87 -.053142873147764634
10017 87 -.0009489470866604184
88 88 .19229719432678494
679 88 -.06238739503529541
1243 88 -.046075019038269646
6625 88 -.07462686567164
89 89 .33423149442834105
2677 89 -.043537337878181044
6894 89 -.1445451468621804
73 90 -1.092896174863
82 90 -.01212121212121
90 90 1.114191698912
104 90 -.009174311926606
74 91 -.1176470588235
91 91 .5399833395519
368 91 -.010584929141112
391 91 -.0271526443185
651 91 -.1024590163934
4293 91 -.000487251901224
5787 91 -.04930045801051
6647 91 -.00365295108946
6706 91 -.1053740779768
8051 91 -.08283857588696
11020 91 -.0009204286209663
27 92 -.06270419980333
69 92 -1.457725947522
92 92 2.39364162034162
94 92 -.6578947368421
101 92 -.1287001287001
2615 92 -.010354821985871
3141 92 -8.80159868799e-7
6327 92 -.0033250483932410002
6486 92 -7.5935361229720006e-6
9281 92 -4.757465434619e-5
10113 92 -.009952134464197999
93 93 .2674233851406756
547 93 -.11565163572936085
703 93 -.11565009782643443
5913 93 -.03483879523000408
75 94 -.1176470588235
92 94 -.6578947368421
94 94 1.377536979705
101 94 -.4385964912281
694 94 -.1633986928105
95 95 1.721064100304
113 95 -.1176470588235
116 95 -.1041666666667
10711 95 -1.499250374813
84 96 -.09259259259259
96 96 1.429225957707026
764 96 -1.290322580645
2446 96 -.00243338316668
2795 96 -.00432026183966
3636 96 -3.917574317988e-5
3639 96 -3.917574317988e-5
4380 96 -.02778543899542
4395 96 -.006327946769143
5000 96 -.0019674161773154
5371 96 -3.175478742334e-6
8799 96 -6.270419980333e-8
97 97 1.1081579327878
136 97 -.3086419753086
139 97 -.1663893510815
148 97 -.3401360544218
2840 97 -.011792991706130001
2852 97 -.02836070688352
3656 97 -.0031524680268089997
3677 97 -.0003572413585125
3725 97 -.1176470588235
4810 97 -7.651062911782e-5
4821 97 -7.651062911782e-5
4984 97 -6.097839613902e-6
7252 97 -.004067143968895
8553 97 -.00022895661946540003
8596 97 -.014784384724271
8651 97 -.027325224684940003
9052 97 -.020939751126980002
9894 97 -4.5906377470690004e-5
9922 97 -4.5906377470690004e-5
10547 97 -.009491920153715
10560 97 -.02306824231297
11119 97 -1.7545670587169e-5
40 98 -.1639344262295
98 98 .3461929250188272
3701 98 -.06761060539631014
5713 98 -.09437499761716153
85 99 -.009174311926606
99 99 .3057349788956843
104 99 -.004464285714286
5296 99 -.09582627465513596
10017 99 -.12934749223414588
10759 99 -.06692261436447244
100 100 .2674233836310377
545 100 -.11565163530362992
702 100 -.11565009692319331
5897 100 -.03483879504928385
92 101 -.1287001287001
94 101 -.4385964912281
101 101 .7312310461587
700 101 -.1639344262295
102 102 4.898823578344
7284 102 -3.021148036254
7288 102 -1.305483028721
9254 102 -.4545454545455
9300 102 -.1176470588235
103 103 .5710366696788499
776 103 -.3787878787879
2374 103 -.0012310732805424001
2393 103 -.0320999481562
3016 103 -.00030776832013560003
3148 103 -.0003008651054783
3416 103 -.1176470588235
4422 103 -1.2943527482338e-7
7198 103 -.003371069824289
9367 103 -.0026865010374450002
10657 103 -.0003641445731698
90 104 -.009174311926606
99 104 -.004464285714286
104 104 .3057349789079109
5299 104 -.09582627463951232
10017 104 -.1293474922344397
10754 104 -.06692261439202013
43 105 3.557622120436875e-8
105 105 .12876995819690895
4306 105 -.03711663838082946
7286 105 -.05780346820809
9074 105 -.029115403700722905
106 106 2.144735057906
1681 106 -.1176470588235
7801 106 -1.468428781204
7837 106 -.5586592178771
84 107 -.1176470588235
107 107 .74237987053712
780 107 -.3115264797508
790 107 -.126582278481
2404 107 -.02174512617033
3337 107 -7.075795023677999e-7
4377 107 -.0004354777912947
4413 107 -4.15343415211e-5
5000 107 -.0006155366402712001
5041 107 -.0006155366402712001
7198 107 -.010527402352301998
10643 107 -.0006155366402712001
10657 107 -.008916652265610999
10686 107 -.08398911166317
108 108 .21322236534956
826 108 -.01633986928105
2114 108 -.002726769789613
2883 108 -.030489198069509997
2886 108 -.0020479536816500003
7919 108 -.004665422572523
8443 108 -.005045099378671
9094 108 -.030489198069509997
10711 108 -.1176470588235
109 109 .31860902182918915
2327 109 -.09119678606690126
2745 109 -.12114230616625368
5094 109 -3.9839804847946765e-9
6491 109 -.1062699256111
110 110 1.7217677136537262
118 110 -1.567398119122
3656 110 -.02916608192687
3728 110 -.1176470588235
4990 110 -2.525426028776e-7
9880 110 -.0004308756481898
11119 110 -.004665422572523
111 111 .3147024329308892
114 111 -.08928571428571
2323 111 -.09119678606689126
2748 111 -.12114230616621491
5097 111 -3.983980472499658e-9
112 112 .20144884341312225
5272 112 -.05164644552940795
5826 112 1.1678661956332356e-8
8132 112 -.08130081300813
10082 112 -.06293369947050728
95 113 -.1176470588235
113 113 .17030793632142
834 113 -.01483679525223
2114 113 -.00381977877701
2886 113 -.0003871552886939
7843 113 -1.9213947462671003e-5
8007 113 -1.7718250953601e-5
8031 113 -.0016510188388582
8443 113 -.0010354821985871
8789 113 -.0012828473904716998
8798 113 -.021687599381519998
8805 113 -.0024103724511549997
9094 113 -.002036448323888
111 114 -.08928571428571
114 114 .4641630617314182
7868 114 -.38569460702700736
9562 114 -.058042936054429506
115 115 1.2299560512598
128 115 -1.092896174863
3717 115 -.1176470588235
5863 115 -.00287633944052
5874 115 -.011908045283751
10294 115 -.0012943527482338
95 116 -.1041666666667
116 116 .564854436947296
837 116 -.1633986928105
842 116 -.1212121212121
1707 116 -.0002013437608364
2114 116 -.006673107502004999
2886 116 -.006788161079626
5657 116 -1.1160197029216e-7
5748 116 -3.860047529177e-5
6628 116 -.0880159868799
7934 116 -.023240822679400003
8021 116 -.0215725458039
8789 116 -.004573379710426
8805 116 -.005810205669850001
117 117 .1689445207517742
118 117 -.01529051987768
8303 117 -.05004562217800494
9826 117 -.03887032180654293
110 118 -1.567398119122
117 118 -.01529051987768
118 118 1.591460568825
122 118 -.008771929824561
119 119 1.636203994858
130 119 -.3021148036254
132 119 -.4081632653061
993 119 -.9259259259259
120 120 .23432814896591286
2306 120 -.06567506590757537
8218 120 -.08082130461797518
9080 120 -.07936507936508
10087 120 8.990778595157696e-7
121 121 .21029229592290197
123 121 -.005882352941176
128 121 -.01223990208078
9952 121 -.04869085298811922
10358 121 -.06255671789396658
118 122 -.008771929824561
122 122 .5973274052398605
3656 122 -.0019213947462671
3677 122 -.018696206363377
4810 122 -.004820744902311
4821 122 -.004820744902311
4998 122 -9.952134464198e-5
5823 122 -.003744993951557
7843 122 -.0017545670587169001
7928 122 -.004492842206092
8781 122 -.0012629866951994913
8900 122 -.0005062357415313999
9871 122 -.19378974887681638
9880 122 -.001323116142639
9885 122 -.06443000346764
9888 122 -3.768004667081e-5
10017 122 -.19379072637043704
11119 122 -.002836070688352
121 123 -.005882352941176
123 123 .2102773327178033
125 123 -.01222493887531
9948 123 -.048690852958402926
10363 123 -.0625567179241086
124 124 .47391903457377965
325 124 -.0636341010393443
10017 124 -.20660218250155943
10145 124 -.20368275103278716
123 125 -.01222493887531
125 125 1.115407751687
133 125 -.009090909090909
7620 125 -1.09409190372
126 126 2.983036227718
129 126 -.2127659574468
130 126 -1.689189189189
1011 126 -1.081081081081
127 127 .6117782947890542
9173 127 -.1537702423849259
10017 127 0
10504 127 -.1988071570577
10725 127 -.2592109844290734
11213 127 1.0089083570784561e-5
115 128 -1.092896174863
121 128 -.01223990208078
128 128 1.114226986036
131 128 -.009090909090909
126 129 -.2127659574468
129 129 1.3670198362388
527 129 -.0007363428967729999
531 129 -.0007363428967729999
562 129 -.002807307293947
669 129 -.09031705843231
683 129 -.003756499309319
807 129 -.0023470929834639997
813 129 -.0002226286726962
1409 129 -.0003848542171415
1649 129 -.004889777048883
1654 129 -3.998111822322e-5
1659 129 -5.551335120203e-5
2001 129 -.0003117951953523
2233 129 -.0016280081233341001
2238 129 -.0016280081233341001
2691 129 -.0002485157276609
2805 129 -2.951124265973e-5
2820 129 -8.111277222265e-5
3173 129 -.0002082469754936
3429 129 -.007593536122972
3438 129 -.0017775777742411
3823 129 -.008456437955128
3949 129 -.010067188041819001
4414 129 -.0023183295890590004
4417 129 -.0023183295890590004
5089 129 -1.029729519706e-5
5109 129 -.0004015369858965
5193 129 -.007133321812489
5215 129 -.04395046665114
5220 129 -.0013921482892115
5346 129 -.004642411856999
5747 129 -.0008053750433455
5771 129 -.0001317363463758
5950 129 -.003020156412546
6273 129 -.009376866576094
6889 129 -9.089232632042001e-5
8221 129 -.0002818812651709
8255 129 -.00592525924747
8261 129 -7.363428967729999e-5
8658 129 -.6410256410256
9234 129 -.04659669893642
9250 129 -.005528324404679
9379 129 -.004676927930285
119 130 -.3021148036254
126 130 -1.689189189189
130 130 2.81013964893724
562 130 -.002807307293947
640 130 -9.089232632042001e-5
669 130 -.0730590217892
693 130 -.01173546491732
807 130 -.0024736519188469997
812 130 -3.10069391688e-5
813 130 -.0002709511752969
839 130 -.0002059459039412
1219 130 -.0003739241272675
1409 130 -.0003848542171415
1654 130 -2.209028690319e-5
1659 130 -4.1937029042779996e-5
1990 130 -2.053706360531e-5
2001 130 -.0003865800208058
2157 130 -.0002818812651709
2233 130 -.0016280081233341001
2238 130 -.0016280081233341001
2691 130 -.0002485157276609
2805 130 -1.1620411339699e-5
2820 130 -6.730634290816e-5
2856 130 -.010067188041819001
2975 130 -3.221500173382e-5
2980 130 -3.773757345962e-6
3173 130 -.0002082469754936
3222 130 -.00592525924747
3429 130 -.08168804011076
3438 130 -.0018753733152188
3823 130 -.03698972520508
3843 130 -.005528324404679
3949 130 -.010067188041819001
4151 130 -1.029729519706e-5
4199 130 -.002352845662345
4414 130 -.0015762340134047
4417 130 -.0015762340134047
4501 130 -.007018268234867999
4505 130 -.007018268234867999
5089 130 -1.029729519706e-5
5109 130 -.002352845662345
5193 130 -.007133321812489
5215 130 -.04395046665114
5220 130 -.0013921482892115
5309 130 -.002404619772274
5313 130 -.002404619772274
5346 130 -.004642411856999
5747 130 -.0008053750433455
5771 130 -.0001317363463758
5950 130 -.0016855349121445
6123 130 -.0002485157276609
6424 130 -.018120938475273
6435 130 -.0018753733152188
6889 130 -9.089232632042001e-5
7037 130 -.0003848542171415
7166 130 -7.363428967729999e-5
7730 130 -2.191770653676e-5
8221 130 -.0002818812651709
8255 130 -.00592525924747
8261 130 -7.363428967729999e-5
8445 130 -.004619401141474
8548 130 -.00730590217892
8566 130 -.047056913246900006
8568 130 -.0013921482892115
9109 130 -.0002082469754936
9207 130 -.0008053750433455
9229 130 -.0001317363463758
9234 130 -.02738275147375
9250 130 -.005528324404679
9379 130 -.004676927930285
10015 130 -.002807307293947
10213 130 -.018293518841705
11234 130 -.00249090995549
11242 130 -4.504347563854e-5
11246 130 -.0003002898375902
128 131 -.009090909090909
131 131 .4024385050195648
133 131 -.004504504504505
7681 131 -.0012614179685325273
10017 131 -.19379110579485184
10346 131 -.19379056765971098
119 132 -.4081632653061
132 132 1.4561261865414001
134 132 -.1623376623377
141 132 -.007075795023678
151 132 -.04395046665114
155 132 -.0013921482892115
298 132 -.00040671439688949997
640 132 -9.089232632042001e-5
693 132 -.01173546491732
807 132 -.00012483313171855
812 132 -3.10069391688e-5
813 132 -4.866766333359e-5
839 132 -.0002059459039412
865 132 -.0008053750433455
883 132 -.0001317363463758
1200 132 -1.7488143798359e-5
1219 132 -.00040671439688949997
1287 132 -.0003848542171415
1577 132 -2.9338662293299998e-5
1990 132 -2.053706360531e-5
2001 132 -7.420955756541e-5
2016 132 -.010067188041819001
2023 132 -.0002375856377869
2157 132 -.0002818812651709
2162 132 -3.221500173382e-5
2166 132 -1.4036536469736e-5
2359 132 -2.191770653676e-5
2856 132 -.010067188041819001
2935 132 -.0002082469754936
2975 132 -3.221500173382e-5
2980 132 -1.4036536469736e-5
3033 132 -.002352845662345
3222 132 -.00592525924747
3286 132 -.0007766116489402999
3429 132 -.07420955756541
3438 132 -9.664500520146e-5
3440 132 -.011447830973268
3823 132 -.028533287249950003
3843 132 -.005528324404679
4066 132 -.0002059459039412
4151 132 -1.029729519706e-5
4199 132 -.002352845662345
4501 132 -.007018268234867999
4505 132 -.011332777395647
4506 132 -.007248375390109
5007 132 -.03549402869601
5024 132 -.005056604736433001
5109 132 -.0019501581406723002
5309 132 -.002404619772274
5313 132 -.002404619772274
5521 132 -4.630906499237e-5
5620 132 -9.089232632042001e-5
6123 132 -.0002485157276609
6424 132 -.08168804011076
6435 132 -.0018753733152188
6862 132 -4.9818199109799994e-5
7037 132 -.0003848542171415
7166 132 -7.363428967729999e-5
7730 132 -2.191770653676e-5
7927 132 -.002807307293947
8004 132 -.0002818812651709
8445 132 -.004619401141474
8515 132 -.0007766116489402999
8548 132 -.00730590217892
8566 132 -.047056913246900006
8568 132 -.0013921482892115
8637 132 -.002093975112698
8641 132 -.002093975112698
9109 132 -.0002082469754936
9207 132 -.0008053750433455
9229 132 -.0001317363463758
9526 132 -.03560908227363001
9530 132 -.0018753733152188
9580 132 -.0002485157276609
10015 132 -.002807307293947
10136 132 -.00592525924747
10213 132 -.03612682337293
10229 132 -.005528324404679
10246 132 -7.363428967729999e-5
10462 132 -.002444888524442
10469 132 -4.297251124136e-5
10472 132 -.00030316617703079996
11091 132 -.002450641203323
11093 132 -.002450641203323
11120 132 -.004619401141474
11234 132 -.00249090995549
11242 132 -4.504347563854e-5
11246 132 -.00030316617703079996
125 133 -.009090909090909
131 133 -.004504504504505
133 133 .8049400425804527
2242 133 -4.049885932252e-5
4084 133 -.002611716211992
5009 133 -.0012483313171855
5863 133 -.0012023098861372
5874 133 -.009549446942525
5934 133 -.0008456437955128
6499 133 -2.519673349895e-5
6503 133 -2.519673349895e-5
7677 133 -.001261417953527382
8909 133 -.005373002074891
10017 133 -.19379110579847145
10292 133 -6.155366402712e-6
10294 133 -.007248375390109
10337 133 -.15762340134047
10350 133 -.19379056766754527
132 134 -.1623376623377
134 134 1.15448791477906
141 134 -.007075795023678
151 134 -.04395046665114
155 134 -.0013921482892115
298 134 -.00040671439688949997
865 134 -.0008053750433455
883 134 -.0001317363463758
978 134 -.3257328990228
1200 134 -.0002485157276609
1219 134 -3.250263567787e-5
1222 134 -.010067188041819001
1287 134 -.0003848542171415
1464 134 -.00025254260287759997
1577 134 -7.363428967729999e-5
2016 134 -.010067188041819001
2023 134 -.0002818812651709
2162 134 -3.221500173382e-5
2166 134 -1.4036536469736e-5
2359 134 -2.191770653676e-5
2446 134 -.004642411856999
2935 134 -.0002082469754936
2980 134 -1.029729519706e-5
3033 134 -.002352845662345
3097 134 -.007133321812489
3129 134 -.04395046665114
3139 134 -.0013921482892115
3286 134 -.002036448323888
3440 134 -.011447830973268
4066 134 -.0002059459039412
4103 134 -.0008053750433455
4117 134 -.0001317363463758
4505 134 -.0042857457663739995
4506 134 -.007248375390109
5007 134 -.03612682337293
5024 134 -.005528324404679
5247 134 -.00592525924747
5521 134 -4.630906499237e-5
5620 134 -9.089232632042001e-5
5783 134 -.002807307293947
6424 134 -.06385473557953
6862 134 -.0003848542171415
7927 134 -.002807307293947
8004 134 -.0002818812651709
8515 134 -.002036448323888
8637 134 -.002093975112698
8641 134 -.002093975112698
9023 134 -.0002082469754936
9236 134 -.00025254260287759997
9526 134 -.08168804011076
9530 134 -.0018753733152188
9580 134 -.0002485157276609
9629 134 -.0002226286726962
10136 134 -.00592525924747
10213 134 -.017833304531221
10229 134 -.005528324404679
10246 134 -7.363428967729999e-5
10462 134 -.002444888524442
10469 134 -4.297251124136e-5
10472 134 -.00030316617703079996
10801 134 -9.089232632042001e-5
10809 134 -.0003117951953523
11091 134 -.002450641203323
11093 134 -.002450641203323
11120 134 -.004619401141474
11246 134 -2.813059972828e-6
135 135 .39289111263149273
137 135 -.008130081300813
6557 135 -.09780869748312469
10776 135 -.12511080780247635
97 136 -.3086419753086
136 136 .5339320613423395
139 136 -.02118644067797
2852 136 -.12921941717688246
5307 136 -.056575412841602404
9063 136 5.631254257966209e-9
10017 136 0
135 137 -.008130081300813
137 137 1.106373849748
142 137 -.005347593582888
7606 137 -1.092896174863
138 138 .22908100377659169
402 138 -.03538261219777055
4231 138 -.08073758971839251
10017 138 0
10072 138 4.234190578012677e-9
10739 138 -.1044932079415
97 139 -.1663893510815
136 139 -.02118644067797
139 139 .32053882152008006
568 139 -1.3123618943661744e-8
7386 139 -.037138463187189996
8596 139 -.09582455344876112
10017 139 0
140 140 .23744090744299823
1885 140 -.10207041010067364
4811 140 -.10206756630539819
5351 140 -.03184465352401186
10017 140 -.0014582775129193038
132 141 -.007075795023678
134 141 -.007075795023678
141 141 .85515148356948
143 141 -.2444987775061
865 141 -.03348059108765
875 141 -.005073862773077
881 141 -.005073862773077
883 141 -.006903214657246999
1255 141 -.1176470588235
1876 141 -.2881844380403
4505 141 -.0018120938475273
4506 141 -.0018120938475273
5497 141 -3.900316281345e-5
6424 141 -.0053845074326529995
8576 141 -.0008513964743938
8602 141 -.00042799930874930003
9558 141 -.002312576910178
9564 141 -.007536009334161
9570 141 -.0012483313171855
9580 141 -.004015369858964999
10207 141 -.0015474706189995
10284 141 -.00736342896773
11091 141 -3.773757345962e-6
11093 141 -3.773757345962e-6
11120 141 -.02801554615066
137 142 -.005347593582888
142 142 .9475533885707639
3719 142 -6.673107502005e-5
3816 142 -.00033365537510029997
3909 142 -.0007478482545351
3924 142 -.0007478482545351
4499 142 -.0025131129838991766
4526 142 -.0007536009334160999
5036 142 -.06385473557953
5039 142 -7.190848601299e-5
5903 142 -.01472685793546
9545 142 -.3875672689909641
10017 142 -.3875683078162253
10651 142 -.0019213947462671
11205 142 -.00012253206016613
11236 142 -.0002082469754936
141 143 -.2444987775061
143 143 1.493367555788
1265 143 -.1176470588235
1876 143 -1.131221719457
144 144 .5007953725639884
4345 144 -.07183335985852007
5586 144 -.3280013807199683
8342 144 -.163132137031
10017 144 .06217150504643994
145 145 .3928911126312777
150 145 -.008130081300813
6553 145 -.09780869747709453
10778 145 -.12511080780812517
146 146 .2245210243070982
147 146 -.0009009009009009
148 146 -.1103752759382
2840 146 -.06473343124780026
2902 146 -4.1449719621537666e-11
8815 146 -.04851141617776804
146 147 -.0009009009009009
147 147 .6653536927773491
148 147 -.2415458937198
6511 147 -.4113467226772126
8651 147 -.06192331515091358
9084 147 .07342977123538595
97 148 -.3401360544218
146 148 -.1103752759382
147 148 -.2415458937198
148 148 .6920572240808
149 149 .39282554745530673
150 149 -.008064516129032
6549 149 -.09780869911156026
10784 149 -.1251108061683095
145 150 -.008130081300813
149 150 -.008064516129032
150 150 1.848298973681
158 150 -.005347593582888
160 150 -.005263157894737
7613 150 -1.821493624772
132 151 -.04395046665114
134 151 -.04395046665114
151 151 1.1360469202458
155 151 -.5405405405405
1876 151 -.3115264797508
4505 151 -.04446820775043
4506 151 -.04446820775043
5498 151 -.002847576046114
7927 151 -.00038945636024640003
8476 151 -.0002790049257304
8576 151 -2.398867093393e-5
8602 151 -1.0699982718732999e-5
8637 151 -.002502415313252
8641 151 -.002502415313252
9564 151 -1.0757509507543e-5
9580 151 -.0008111277222265
10136 151 -.0042857457663739995
10213 151 -.0017718250953601
10229 151 -1.1562884550888999e-5
11091 151 -.003658703768341
11093 151 -.003658703768341
11120 151 -.014611804357839
152 152 2.20807967118934
169 152 -2.040816326531
438 152 -.002910855513806
2759 152 -.002623221569754
8341 152 -.1176470588235
10905 152 -.0010699982718732999
11292 152 -.005246443139508
11296 152 -.034573600075050004
153 153 .37336520705282294
156 153 -.1663893510815
7266 153 -.05645101551845995
8772 153 -.12933841250211198
9341 153 -.02118644067797
9607 153 1.2728300119058699e-8
10017 153 0
154 154 .3310584324442409
4491 154 -.10037248773444707
5777 154 -.09792924093169104
6903 154 -.13115313333450637
132 155 -.0013921482892115
134 155 -.0013921482892115
151 155 -.5405405405405
155 155 1.0564780188735599
1226 155 -.1146788990826
2159 155 -.0002410372451155
3034 155 -2.899350156044e-6
3950 155 -.00034918760807910003
4505 155 -.006673107502004999
4506 155 -.006673107502004999
5498 155 -.0003261768925549
5500 155 -.0003261768925549
5524 155 -.0002744027826256
5535 155 -.0002669243000802
5617 155 -.019271474251481
5618 155 -.019271474251481
7101 155 -.04556121673783
7112 155 -.0018753733152188
7694 155 -.004768970792381
7699 155 -.004768970792381
7756 155 -.004711444003571
7762 155 -.004711444003571
7775 155 -.006788161079626
8613 155 -.0005706657449991
8637 155 -.000581020566985
8641 155 -.000581020566985
8762 155 -.007018268234867999
9228 155 -.003883058244701
9236 155 -.003883058244701
9580 155 -.004930045801051
10136 155 -.06845687868437
10142 155 -.050105833053849996
10246 155 -.0007133321812488999
153 156 -.1663893510815
156 156 1.1081579327878
168 156 -.1176470588235
1339 156 -.3401360544218
3558 156 -.004067143968895
4539 156 -7.651062911782e-5
4542 156 -7.651062911782e-5
5327 156 -.011792991706130001
5333 156 -.02836070688352
6007 156 -.0031524680268089997
6042 156 -.0003572413585125
6146 156 -6.097839613902e-6
8699 156 -.00022895661946540003
8772 156 -.014784384724271
8819 156 -.027325224684940003
8869 156 -1.7545670587169e-5
9341 156 -.3086419753086
9875 156 -4.5906377470690004e-5
10217 156 -.020939751126980002
10746 156 -.009491920153715
10768 156 -.02306824231297
11176 156 -4.5906377470690004e-5
157 157 1.914476486256
438 157 -.006500527135574001
1253 157 -.4098360655738
1264 157 -1.245330012453
1759 157 -.015877393711668
2504 157 -.02778543899542
2511 157 -.026404796063969997
2520 157 -.0132886882152
2624 157 -.008111277222265
2759 157 -.007651062911782
2775 157 -.002979887660378
3795 157 -.0008686545110369
3952 157 -.011045143451595001
6238 157 -.00586773245866
8341 157 -.1024590163934
10905 157 -.0007133321812488999
150 158 -.005347593582888
158 158 1.1103363675845852
3066 158 -.0010009661253008
4077 158 -.003169726063453
4087 158 -.0015934920500479
4497 158 -.0025131129198177624
5035 158 -.38756726902441674
5036 158 -.06443000346764
5039 158 -.002082469754936
7426 158 -.0004423810059519
7431 158 -.0006385473557953001
7433 158 -.00019789215350775
8208 158 -.00011735464917319999
10017 158 -.3875683078316503
10651 158 -.006500527135574001
10654 158 -.056203672667750004
159 159 .3310584331034407
4487 159 -.10037248786362091
5771 159 -.09792924153257475
6899 159 -.13115313326359987
150 160 -.005263157894737
160 160 .7829118552100414
4492 160 -.0025131448775873567
10017 160 -.3875683000969197
10770 160 -.3875672523396717
161 161 2.252737101271
165 161 -1.996007984032
174 161 -.1390820584145
1314 161 -.1176470588235
162 162 .3493855947059
191 162 -.0007478482545351
847 162 -.004665422572523
869 162 -.002836070688352
907 162 -.1176470588235
908 162 -.1001001001001
2340 162 -.008513964743938
2361 162 -.001466933114665
2416 162 -1.7545670587169e-5
2425 162 -.015417179401185
2718 162 -.0018351045630515001
2729 162 -.00031754787423340003
4145 162 -.005045099378671
4150 162 -.0010354821985871
4673 162 -.003399833218694
4678 162 -.003399833218694
4812 162 -.03192736778977
4816 162 -.005706657449991
6566 162 -.0026922537163259997
6567 162 -.00013576322159252
6573 162 -5.022088663147e-5
6760 162 -.018753733152188
7049 162 -.0003186984100096
8163 162 -9.606973731335e-6
8247 162 -.0007133321812488999
8793 162 -6.212893191522e-5
163 163 .5210549794099426
164 163 -.3759398496241
1233 163 -.03697298338623958
5903 163 -.09582126735526383
10017 163 -9.419517523709991e-7
163 164 -.3759398496241
164 164 1.127830175397
167 164 -.374531835206
7594 164 -.377358490566
57 165 -.0025369313865379996
161 165 -1.996007984032
165 165 2.510227773505
424 165 -.0025369313865379996
1299 165 -.2247191011236
1311 165 -.03555155548482
3098 165 -.002191770653676
3104 165 -.015704813345237
3130 165 -.0014956965090702
3141 165 -.0049760672320989996
4244 165 -.0011505357762078001
4258 165 -6.903214657246999e-6
4270 165 -.0012770947115907
4349 165 -.0010527402352301998
4673 165 -.0013346215004011001
4674 165 -.0013346215004011001
5537 165 -.005183163671816
5548 165 -.0017718250953601
5609 165 -.004314509160779
5968 165 -.00365295108946
6012 165 -.0005240690460626999
6199 165 -.004487089527211
6216 165 -.0012425786383045
6620 165 -.0014554277569029
6624 165 -.003256016246668
6637 165 -.0015244599034754
6813 165 -.0012943527482338
7706 165 -.02301071552416
8131 165 -.0011792991706129998
8251 165 -.004780476150144
9498 165 -.0010642455929922002
9674 165 -.00047287020402140005
9694 165 -.0012655893538285998
10024 165 -.0017373090220738
10026 165 -.0033135430354790003
10205 165 -.0020019322506019998
10208 165 -.00018120938475273
10215 165 -.0011332777395647
10940 165 -.0006903214657246999
10945 165 -.0005712410128872001
10950 165 -.0016855349121445
10959 165 -.0014611804357839001
166 166 .8602641227915208
169 166 -.02702702702703
438 166 -.003054672485832
1636 166 -.0031352099901660003
1759 166 -.0015244599034754
2759 166 -.003244510888906
3739 166 -.0032624197437360085
5623 166 -8.053750433455e-6
6764 166 -.003348059108765
10905 166 -.021399965437469998
10926 166 -.3037810869711841
11292 166 -.002065211718293
11299 166 -.06270419980333
164 167 -.374531835206
167 167 .507327027912813
1231 167 -.03697298339082203
5909 167 -.09582126736326195
10017 167 -9.419517511626617e-7
156 168 -.1176470588235
168 168 .8873227755376
171 168 -.7194244604317
174 168 -.05025125628141
152 169 -2.040816326531
166 169 -.02702702702703
169 169 2.085796674923
173 169 -.01795332136445
170 170 .46483044673555485
3282 170 -.2573219821287176
5887 170 -.03866106339840753
7594 170 -.2049180327869
168 171 -.7194244604317
171 171 1.512747194932
174 171 -.6756756756757
1310 171 -.1176470588235
172 172 .44999911174368834
3277 172 -.2573219856490938
5886 172 -.0386610627351843
7594 172 -.2
169 173 -.01795332136445
173 173 .44738327964346913
7739 173 -.17610876141678034
10017 173 -.1455155687500729
10919 173 -.10780562811111592
57 174 -.0025369313865379996
161 174 -.1390820584145
168 174 -.05025125628141
171 174 -.6756756756757
174 174 1.329770793511
424 174 -.0025369313865379996
1311 174 -.03555155548482
3098 174 -.002191770653676
3104 174 -.015704813345237
3130 174 -.0014956965090702
3141 174 -.0049760672320989996
3558 174 -.00232408226794
4244 174 -.0011505357762078001
4258 174 -6.903214657246999e-6
4270 174 -.0012770947115907
4349 174 -.0010527402352301998
4673 174 -.003733488593794
4674 174 -.003733488593794
5327 174 -.0006155366402712001
5333 174 -.0013576322159252001
5537 174 -.004642411856999
5548 174 -.0017718250953601
5609 174 -.0014036536469736
5968 174 -.00365295108946
6007 174 -.005275206533913
6012 174 -.00586773245866
6042 174 -.0037277359149129998
6199 174 -.004487089527211
6216 174 -.0012425786383045
6620 174 -.0014554277569029
6624 174 -.003256016246668
6637 174 -.0015244599034754
6813 174 -.0012943527482338
7706 174 -.04527358279378
8120 174 -.0025714474598250003
8131 174 -.0011792991706129998
8251 174 -.0029568769448540004
8772 174 -.003307790356598
8869 174 -.015417179401185
9494 174 -.00013058581059958998
9498 174 -.0012253206016613
9674 174 -.00047287020402140005
9683 174 -.008226330799886
9694 174 -.0012655893538285998
9875 174 -.003417091255337
10022 174 -.002726769789613
10024 174 -.002082469754936
10026 174 -.0033135430354790003
10205 174 -.0020019322506019998
10208 174 -.00018120938475273
10215 174 -.0011332777395647
10217 174 -.0012138152438993
10746 174 -.004049885932252
10768 174 -.0012195679227803
10940 174 -.0006903214657246999
10945 174 -.0005712410128872001
10950 174 -.0016855349121445
10959 174 -.0014611804357839001
11176 174 -.003417091255337
175 175 .2001160765967241
1736 175 -.08130081300813
5246 175 -.048665738300608635
9318 175 -2.1770976140081547e-9
10607 175 -.06458162602712916
176 176 .20062264608588623
3081 176 -.08676003837393954
6853 176 -.08675923910327721
8656 176 -.026141226342554755
177 177 .1581619519396324
