%%MatrixMarket matrix coordinate real general
%-------------------------------------------------------------------------------
% UF Sparse Matrix Collection, Tim Davis
% http://www.cise.ufl.edu/research/sparse/matrices/FIDAP/ex25
% name: FIDAP/ex25
% [ TEST MATRIX FROM FIDAP: EX25.MAT]
% id: 422
% date: 1994
% author: A. Baggag, Y. Saad
% ed: A. Baggag, Y. Saad
% fields: title A Zeros name id date author ed kind
% kind: computational fluid dynamics problem
%-------------------------------------------------------------------------------
848 848 24612
1 1 .000742191843409921
2 1 9.02610971287039e-5
17 1 -.000982183572550477
18 1 -1.73472347597681e-20
19 1 -.000122772946568817
20 1 -3.33333333333336e-5
27 1 4.87890977618479e-21
75 1 .000239991729140563
76 1 -1.5178830414797e-20
77 1 3.25118494401103e-5
78 1 1.66666666666668e-5
1 2 9.02604026842596e-5
2 2 .000333117082822642
3 2 6.97165203478252e-5
4 2 -3.58209813198155e-5
17 2 -.000122772946568814
18 2 3.33333333333336e-5
19 2 -.000437901889443716
20 2 -3.25260651745651e-19
21 2 -9.61779981530461e-5
22 2 -3.33333333333327e-5
23 2 4.80889990765231e-5
24 2 8.33333333333334e-6
26 2 -6.50521303491303e-21
27 2 -4.87890977618479e-21
28 2 2.08333333333334e-7
29 2 5.69206140554892e-21
30 2 -3.79470760369926e-21
31 2 -2.08333333333334e-7
75 2 3.25125438845552e-5
76 2 -1.66666666666665e-5
77 2 .000104784806621065
79 2 2.64614778052242e-5
80 2 1.66666666666665e-5
81 2 -1.22680177567085e-5
82 2 -4.16666666666664e-6
2 3 6.97165203478252e-5
3 3 .000583404726673356
4 3 6.97165203478248e-5
19 3 -9.61779981530522e-5
20 3 3.33333333333336e-5
21 3 -.000769423985224393
22 3 -2.94902990916059e-19
23 3 -9.61779981530479e-5
24 3 -3.33333333333336e-5
29 3 5.42101086242753e-22
30 3 2.71050543121376e-21
31 3 -5.42101086242753e-22
77 3 2.64614778052253e-5
78 3 -1.66666666666669e-5
79 3 .000186019258551034
80 3 -1.01915004213638e-19
81 3 2.6461477805224e-5
82 3 1.6666666666667e-5
2 4 -3.58209813198155e-5
3 4 6.97165203478248e-5
4 4 .000262932888195929
5 4 5.33485909921963e-5
6 4 -2.79032263740053e-5
19 4 4.80889990765252e-5
20 4 -8.33333333333339e-6
21 4 -9.61779981530526e-5
22 4 3.33333333333333e-5
23 4 -.000343044036222807
24 4 -5.42101086242752e-19
29 4 -7.04731412115577e-21
30 4 -4.33680868994202e-21
31 4 2.08333333333334e-7
32 4 -7.53440199583546e-5
33 4 -3.33333333333333e-5
34 4 5.42101086242753e-21
35 4 -3.9979955110403e-21
36 4 -2.08333333333337e-7
37 4 3.76720099791762e-5
38 4 8.33333333333345e-6
77 4 -1.2268017756708e-5
78 4 4.16666666666664e-6
79 4 2.64614778052208e-5
80 4 -1.66666666666665e-5
81 4 8.01111480268749e-5
82 4 -2.71050543121376e-19
83 4 2.19954289661639e-5
84 4 1.66666666666669e-5
85 4 -9.76878360517202e-6
86 4 -4.16666666666672e-6
4 5 5.33485909921963e-5
5 5 .000459560218015105
6 5 5.33485909921911e-5
23 5 -7.53440199583637e-5
24 5 3.33333333333344e-5
32 5 -.000602752159666819
33 5 -2.77555756156289e-19
34 5 -5.42101086242753e-22
35 5 2.16840434497101e-21
36 5 1.08420217248551e-21
37 5 -7.53440199583485e-5
38 5 -3.33333333333338e-5
81 5 2.19954289661589e-5
82 5 -1.66666666666667e-5
83 5 .000143191941651715
84 5 -2.62376925741492e-19
85 5 2.19954289661632e-5
86 5 1.66666666666669e-5
4 6 -2.79032263740053e-5
5 6 5.33485909921911e-5
6 6 .000208498469362414
7 6 4.01761911203798e-5
8 6 -2.16568479904109e-5
23 6 3.76720099791771e-5
24 6 -8.33333333333345e-6
32 6 -7.53440199583507e-5
33 6 3.33333333333338e-5
34 6 -4.87890977618479e-21
35 6 -3.52365706057789e-21
36 6 2.08333333333334e-7
37 6 -.000268734192727584
38 6 -1.19262238973405e-18
39 6 -5.90230763832407e-5
40 6 -3.33333333333325e-5
41 6 5.82758667710961e-21
42 6 -4.54009659728306e-21
43 6 -2.08333333333336e-7
44 6 2.9511538236014e-5
45 6 8.33333333333317e-6
81 6 -9.76878360517077e-6
82 6 4.1666666666667e-6
83 6 2.19954289661559e-5
84 6 -1.66666666666665e-5
85 6 6.02357233651606e-5
86 6 -4.33680868994202e-19
87 6 1.8846885262873e-5
88 6 1.6666666666667e-5
89 6 -7.85469024560602e-6
90 6 -4.16666666666686e-6
6 7 4.01761911203798e-5
7 7 .000363242926729627
8 7 4.01761912601239e-5
37 7 -5.9023076383252e-5
38 7 3.33333333333349e-5
39 7 -.000472184611776271
40 7 -1.61329283265844e-18
41 7 -5.42101086242753e-22
42 7 2.71050543121376e-21
44 7 -5.90230765608153e-5
45 7 -3.33333333333333e-5
85 7 1.88468852628698e-5
86 7 -1.66666666666667e-5
87 7 .000108941685046645
88 7 -7.69783542464711e-19
89 7 1.88468853006903e-5
90 7 1.66666666666673e-5
6 8 -2.16568479904109e-5
7 8 4.01761912601239e-5
8 8 .000166552909645545
9 8 2.94103067664419e-5
10 8 -1.67076941003566e-5
37 8 2.9511538236017e-5
38 8 -8.33333333333366e-6
39 8 -5.90230765608205e-5
40 8 3.3333333333334e-5
41 8 -6.50521303491303e-21
42 8 -4.33680868994202e-21
43 8 2.08333333333334e-7
44 8 -.000210521270639606
45 8 -1.51788304147971e-18
46 8 -4.62375587589809e-5
47 8 -3.33333333333318e-5
48 8 5.69206140554892e-21
49 8 -3.79470760369926e-21
50 8 -2.08333333333334e-7
51 8 2.31187794238805e-5
52 8 8.33333333333312e-6
85 8 -7.85469024560331e-6
86 8 4.16666666666648e-6
87 8 1.88468853006855e-5
88 8 -1.66666666666661e-5
89 8 4.39683609940514e-5
90 8 -1.30104260698261e-18
91 8 1.68272519925595e-5
92 8 1.6666666666668e-5
93 8 -6.41108532352922e-6
94 8 -4.16666666666699e-6
8 9 2.94103067664419e-5
9 9 .000288683539538637
10 9 2.94103069101363e-5
44 9 -4.62375587589974e-5
45 9 3.33333333333355e-5
46 9 -.000369900470782104
47 9 -3.57353036051223e-18
48 9 5.42101086242753e-22
49 9 2.16840434497101e-21
50 9 -5.42101086242753e-22
51 9 -4.62375589365342e-5
52 9 -3.33333333333318e-5
89 9 1.68272519925389e-5
90 9 -1.66666666666658e-5
91 9 8.12169312434633e-5
92 9 -2.85578852232682e-18
93 9 1.68272520264166e-5
94 9 1.66666666666686e-5
8 10 -1.67076941003566e-5
9 10 2.94103069101363e-5
10 10 .000111723708631961
11 10 -8.31044230876647e-6
12 10 -2.7937242664567e-6
44 10 2.31187794238844e-5
45 10 -8.33333333333372e-6
46 10 -4.62375589365498e-5
47 10 3.33333333333353e-5
48 10 -7.04731412115577e-21
49 10 -4.06575814682065e-21
50 10 2.08333333333334e-7
51 10 -.000123956599417587
52 10 5.5555555745193e-6
53 10 -3.70370377960026e-6
54 10 -3.33333333269105e-5
55 10 7.31836466427714e-21
56 10 3.29326409892473e-19
57 10 -1.96759259196731e-7
58 10 4.62962962210315e-6
59 10 8.33333333487491e-6
89 10 -6.4110853235215e-6
90 10 4.16666666666634e-6
91 10 1.68272520263866e-5
92 10 -1.66666666666649e-5
93 10 1.2232890785561e-5
94 10 -2.77777778722463e-6
95 10 1.2014146088021e-5
96 10 1.66666666634802e-5
97 10 -1.83590535520414e-6
98 10 -4.16666666744762e-6
10 11 -8.31044230876647e-6
11 11 .00013728960905631
12 11 -1.4773919946779e-5
51 11 -2.77777778540757e-5
52 11 3.88888889090544e-5
53 11 -.000125925925802544
54 11 2.22222222008408e-5
55 11 1.08420217248551e-21
56 11 1.6978606021123e-18
57 11 5.40123456283903e-8
58 11 -1.85185174643381e-6
59 11 -3.88888889091695e-5
93 11 3.60882201662412e-5
94 11 -1.94444444545634e-5
95 11 -1.13636832517356e-5
96 11 -1.11111111004674e-5
97 11 1.66257716877708e-5
98 11 1.94444444545951e-5
10 12 -2.7937242664567e-6
11 12 -1.4773919946779e-5
12 12 9.78500514042047e-5
13 12 -2.21813270644593e-5
14 12 -9.52160514225535e-7
51 12 1.11111111036129e-5
52 12 -1.11111111100979e-5
53 12 -2.96296295244281e-5
54 12 4.44444444273333e-5
55 12 2.09901540593194e-18
56 12 1.83772268236293e-18
57 12 3.85802468855209e-7
58 12 -6.29629628552081e-5
59 12 1.1111111092064e-5
60 12 -2.97462777845735e-14
61 12 -4.44444444335649e-5
62 12 -2.10009960810442e-18
63 12 1.3662302626033e-18
64 12 -3.54938271399534e-7
65 12 3.70370371885939e-6
66 12 1.11111111084386e-5
93 12 -8.31738683682308e-6
94 12 5.55555555504017e-6
95 12 4.44035494663109e-5
96 12 -2.22222222136686e-5
97 12 -3.4887088548131e-5
98 12 -5.5555555460874e-6
99 12 2.21813270983352e-5
100 12 2.2222222216803e-5
101 12 -2.75154320508496e-6
102 12 -5.55555555422063e-6
12 13 -2.21813270644593e-5
13 13 .000167083847769899
14 13 -3.04915122493138e-5
58 13 -3.14814815108168e-5
59 13 5.00000000003091e-5
60 13 -.000125925926172508
61 13 2.22222222651991e-5
62 13 -8.67361737988404e-21
63 13 7.91467585914419e-20
64 13 6.94444445784278e-8
65 13 1.85185182252055e-6
66 13 -5.00000000002155e-5
97 13 5.36628085767428e-5
98 13 -2.50000000000808e-5
99 13 -4.11579216003715e-5
100 13 -1.1111111132563e-5
101 13 2.86396604283432e-5
102 13 2.50000000000921e-5
12 14 -9.52160514225535e-7
13 14 -3.04915122493138e-5
14 14 .00012710931074067
15 14 -3.97507718679329e-5
16 14 1.34979424329954e-6
58 14 1.20370370521757e-5
59 14 -1.38888888915614e-5
60 14 -3.33333333629312e-5
61 14 5.55555555659113e-5
62 14 -2.65195851389955e-18
63 14 -1.80628081936085e-18
64 14 5.9799382742563e-7
65 14 -6.29629628544686e-5
66 14 1.11111110926265e-5
67 14 3.70370380809376e-6
68 14 -5.55555555728205e-5
69 14 2.64979010955458e-18
70 14 -2.27574036004707e-18
71 14 -5.59413580604367e-7
72 14 2.77777777010427e-6
73 14 1.38888888900499e-5
97 14 -1.10848765384407e-5
98 14 6.94444444577857e-6
99 14 6.38248456167828e-5
100 14 -2.77777777830189e-5
101 14 -6.4146347883307e-5
102 14 -5.55555554629893e-6
103 14 3.60470680529697e-5
104 14 2.77777777863809e-5
105 14 -4.12757201350696e-6
106 14 -6.94444444501144e-6
14 15 -3.97507718679329e-5
15 15 .000204326646033898
16 15 -4.99076644023355e-5
65 15 -3.51851850808581e-5
66 15 6.11111110906761e-5
67 15 -.000125925925802999
68 15 2.2222222200567e-5
69 15 -1.73472347597681e-20
70 15 -2.73435787900845e-18
71 15 8.48765431264959e-8
72 15 5.55555548102362e-6
73 15 -6.11111110905842e-5
101 15 7.49359569406673e-5
102 15 -3.05555555453483e-5
103 15 -7.84007202305464e-5
104 15 -1.11111111003207e-5
105 15 4.43521089290551e-5
106 15 3.05555555453103e-5
14 16 1.34979424329954e-6
15 16 -4.99076644023355e-5
16 16 8.14275976666547e-5
25 16 4.16666666666667e-7
65 16 1.29629629552791e-5
66 16 -1.66666666649767e-5
67 16 -3.70370371110382e-5
68 16 6.66666666734508e-5
69 16 -1.08420217248551e-20
70 16 -6.24500451351653e-19
71 16 8.56481481586443e-7
72 16 -3.14814815905631e-5
73 16 -4.4444444426003e-5
74 16 5.42101086242753e-21
101 16 -1.43127571985215e-5
102 16 8.33333333249883e-6
103 16 8.69447015176953e-5
104 16 -3.33333333366443e-5
105 16 -4.99461160804358e-5
106 16 2.22222222129718e-5
107 16 -4.1666666666666e-7
1 17 -.000982183572550477
2 17 -.000122772946568814
17 17 .00401760091415487
18 17 3.46944695195362e-20
19 17 .00046199398150874
20 17 -4.44444444444448e-5
26 17 -4.33680868994202e-21
27 17 2.77777777777782e-6
28 17 2.16840434497101e-21
75 17 -.00292433406166316
76 17 -8.67361737988404e-21
77 17 -.000375593290898073
78 17 -8.88888888888897e-5
1 18 -1.72676971764934e-20
2 18 3.33333333333336e-5
17 18 3.47662063227014e-20
18 18 .0118429801439057
19 18 4.44444444444459e-5
20 18 .00146025556271908
26 18 1.77809156287623e-19
27 18 -5.63785129692462e-20
28 18 3.06932366422022e-5
75 18 -8.02028931424543e-20
76 18 -.00587890711697781
77 18 -7.7777777777779e-5
78 18 -.000739892628439556
1 19 -.000122772946568817
2 19 -.000437901889443716
3 19 -9.61779981530522e-5
4 19 4.80889990765252e-5
17 19 .00046198287039763
18 19 4.44444444444459e-5
19 19 .00182665820961269
20 19 2.16840434497101e-19
21 19 .00034604034034081
22 19 -4.44444444444461e-5
23 19 -.000188423708504859
24 19 1.11111111111114e-5
26 19 -2.08333333333333e-6
27 19 -1.38888888888889e-6
28 19 -4.16666666666657e-7
29 19 2.08333333333333e-6
30 19 -1.38888888888888e-6
31 19 4.16666666666659e-7
75 19 -.000375596068675856
76 19 8.88888888888879e-5
77 19 -.0012949430053717
78 19 4.33680868994202e-19
79 19 -.000298201907526994
80 19 -8.88888888888892e-5
81 19 .000145250069179883
82 19 2.22222222222224e-5
1 20 -3.33333333333336e-5
2 20 -3.25260651745651e-19
3 20 3.33333333333336e-5
4 20 -8.33333333333339e-6
17 20 -4.44444444444448e-5
18 20 .00146024445160797
19 20 2.16840434497101e-19
20 20 .0052978134395282
21 20 4.44444444444448e-5
22 20 .0011360023766778
23 20 -1.11111111111113e-5
24 20 -.000575702957506127
26 20 -2.25514051876985e-19
27 20 -1.25767452008319e-19
28 20 7.67330916055082e-6
29 20 -1.08420217248551e-21
30 20 9.21571846612683e-21
31 20 6.01112488456552e-6
75 20 7.77777777777782e-5
76 20 -.000739895406217342
78 20 -.0026166636451114
79 20 -7.77777777777782e-5
80 20 -.000581601389207993
81 20 1.94444444444445e-5
82 20 .000288875252312186
2 21 -9.61779981530461e-5
3 21 -.000769423985224393
4 21 -9.61779981530526e-5
19 21 .00034604034034081
20 21 4.44444444444448e-5
21 21 .00317908374497858
22 21 5.20417042793043e-20
23 21 .00034604034034082
24 21 -4.44444444444446e-5
29 21 -2.16840434497101e-21
30 21 2.7777777777778e-6
77 21 -.000298201907526991
78 21 8.88888888888901e-5
79 21 -.00228292500465291
80 21 6.07153216591885e-19
81 21 -.000298201907527001
82 21 -8.8888888888891e-5
2 22 -3.33333333333327e-5
3 22 -2.94902990916059e-19
4 22 3.33333333333333e-5
19 22 -4.44444444444461e-5
20 22 .0011360023766778
21 22 5.20417042793043e-20
22 22 .00929339952454838
23 22 4.44444444444459e-5
24 22 .00113600237667783
29 22 -4.33680868994202e-21
30 22 -9.32413868337537e-20
31 22 2.4044499538262e-5
77 22 7.7777777777779e-5
78 22 -.000581601389207986
79 22 6.02816407901941e-19
80 22 -.00460146598588235
81 22 -7.7777777777779e-5
82 22 -.000581601389208004
2 23 4.80889990765231e-5
3 23 -9.61779981530479e-5
4 23 -.000343044036222807
5 23 -7.53440199583637e-5
6 23 3.76720099791771e-5
19 23 -.000188423708504859
20 23 -1.11111111111113e-5
21 23 .00034604034034082
22 23 4.44444444444459e-5
23 23 .00146257392135244
24 23 1.0842021724855e-18
29 23 -2.08333333333333e-6
30 23 -1.38888888888889e-6
31 23 -4.16666666666659e-7
32 23 .000250825296208287
33 23 -4.4444444444447e-5
34 23 2.08333333333333e-6
35 23 -1.38888888888889e-6
36 23 4.16666666666659e-7
37 23 -.000145075542150671
38 23 1.11111111111115e-5
77 23 .000145250069179879
78 23 -2.22222222222221e-5
79 23 -.000298201907526982
80 23 8.88888888888879e-5
81 23 -.00100653266455311
82 23 1.73472347597681e-18
83 23 -.000238669755781378
84 23 -8.88888888888901e-5
85 23 .000114419154379041
86 23 2.22222222222225e-5
2 24 8.33333333333334e-6
3 24 -3.33333333333336e-5
4 24 -5.42101086242752e-19
5 24 3.33333333333344e-5
6 24 -8.33333333333345e-6
19 24 1.11111111111114e-5
20 24 -.000575702957506127
21 24 -4.44444444444446e-5
22 24 .00113600237667783
23 24 1.0842021724855e-18
24 24 .00416601537335703
29 24 -2.90566182226116e-19
30 24 -1.12757025938492e-19
31 24 6.01112488456552e-6
32 24 4.44444444444446e-5
33 24 .000879794647937207
34 24 -2.76471553983804e-20
35 24 1.5178830414797e-20
36 24 4.70900124739738e-6
37 24 -1.11111111111115e-5
38 24 -.000449728770991836
77 24 -1.94444444444445e-5
78 24 .000288875252312179
79 24 7.77777777777773e-5
80 24 -.000581601389207969
81 24 6.50521303491303e-19
82 24 -.00204589248266597
83 24 -7.7777777777779e-5
84 24 -.000458147517640957
85 24 1.94444444444449e-5
86 24 .000226615897064635
16 25 .00500000000000006
25 25 -4.16666666666675e-6
72 25 -.00666666666666674
73 25 7.08282422197995e-16
74 25 -5.42101086242752e-20
105 25 .00166666666666666
106 25 -3.54141211098985e-16
107 25 4.16666666666667e-6
2 26 -6.50521303491303e-21
17 26 -4.33680868994202e-21
18 26 1.77809156287623e-19
19 26 -2.08333333333333e-6
20 26 -2.25514051876985e-19
26 26 0
76 26 -4.60398549633032e-5
77 26 -1.04166666666667e-6
78 26 -1.15099637408262e-5
1 27 4.87890977618479e-21
2 27 -4.87890977618479e-21
17 27 2.77777777777782e-6
18 27 -5.63785129692462e-20
19 27 -1.38888888888889e-6
20 27 -1.25767452008319e-19
27 27 0
75 27 1.38888888888887e-6
76 27 -3.72965547335015e-19
77 27 -6.9444444444444e-7
78 27 -1.1509963740826e-5
2 28 2.08333333333334e-7
17 28 2.16840434497101e-21
18 28 3.06932366422022e-5
19 28 -4.16666666666657e-7
20 28 7.67330916055082e-6
28 28 0
75 28 -4.33680868994202e-21
76 28 -3.06932366422015e-5
77 28 -8.33333333333334e-7
78 28 -7.67330916055071e-6
2 29 5.69206140554892e-21
3 29 5.42101086242753e-22
4 29 -7.04731412115577e-21
19 29 2.08333333333333e-6
20 29 -1.08420217248551e-21
21 29 -2.16840434497101e-21
22 29 -4.33680868994202e-21
23 29 -2.08333333333333e-6
24 29 -2.90566182226116e-19
29 29 0
77 29 1.04166666666667e-6
78 29 -9.01668732684809e-6
80 29 -3.60667493073928e-5
81 29 -1.04166666666667e-6
82 29 -9.0166873268482e-6
2 30 -3.79470760369926e-21
3 30 2.71050543121376e-21
4 30 -4.33680868994202e-21
19 30 -1.38888888888888e-6
20 30 9.21571846612683e-21
21 30 2.7777777777778e-6
22 30 -9.32413868337537e-20
23 30 -1.38888888888889e-6
24 30 -1.12757025938492e-19
30 30 0
77 30 -6.9444444444445e-7
78 30 9.01668732684809e-6
79 30 1.38888888888888e-6
80 30 5.20417042793043e-20
81 30 -6.94444444444447e-7
82 30 -9.01668732684825e-6
2 31 -2.08333333333334e-7
3 31 -5.42101086242753e-22
4 31 2.08333333333334e-7
19 31 4.16666666666659e-7
20 31 6.01112488456552e-6
22 31 2.4044499538262e-5
23 31 -4.16666666666659e-7
24 31 6.01112488456552e-6
31 31 0
77 31 8.33333333333345e-7
78 31 -6.01112488456541e-6
80 31 -2.40444995382615e-5
81 31 -8.33333333333338e-7
82 31 -6.01112488456549e-6
4 32 -7.53440199583546e-5
5 32 -.000602752159666819
6 32 -7.53440199583507e-5
23 32 .000250825296208287
24 32 4.44444444444446e-5
32 32 .00253094621090715
33 32 6.76542155630956e-19
34 32 -6.50521303491303e-21
35 32 2.77777777777782e-6
37 32 .000250825296208245
38 32 -4.4444444444445e-5
81 32 -.000238669755781339
82 32 8.88888888888897e-5
83 32 -.00177827208594046
84 32 1.70436581514722e-18
85 32 -.000238669755781357
86 32 -8.8888888888891e-5
4 33 -3.33333333333333e-5
5 33 -2.77555756156289e-19
6 33 3.33333333333338e-5
23 33 -4.4444444444447e-5
24 33 .000879794647937207
32 33 6.76542155630956e-19
33 33 .00730052910411752
34 33 -3.90312782094783e-20
35 33 1.19262238973406e-19
36 33 1.88360049895879e-5
37 33 4.44444444444461e-5
38 33 .000879794647937093
81 33 7.7777777777779e-5
82 33 -.000458147517640877
83 33 1.55691431968919e-18
84 33 -.00359963716097192
85 33 -7.77777777777812e-5
86 33 -.000458147517640912
4 34 5.42101086242753e-21
5 34 -5.42101086242753e-22
6 34 -4.87890977618479e-21
23 34 2.08333333333333e-6
24 34 -2.76471553983804e-20
32 34 -6.50521303491303e-21
33 34 -3.90312782094783e-20
34 34 0
37 34 -2.08333333333333e-6
38 34 -9.10729824887827e-20
81 34 1.04166666666668e-6
82 34 -7.06350187109562e-6
84 34 -2.82540074843817e-5
85 34 -1.04166666666667e-6
86 34 -7.06350187109524e-6
4 35 -3.9979955110403e-21
5 35 2.16840434497101e-21
6 35 -3.52365706057789e-21
23 35 -1.38888888888889e-6
24 35 1.5178830414797e-20
32 35 2.77777777777782e-6
33 35 1.19262238973406e-19
35 35 0
37 35 -1.3888888888889e-6
38 35 1.30104260698261e-20
81 35 -6.94444444444454e-7
82 35 7.06350187109557e-6
83 35 1.3888888888889e-6
84 35 4.64038529823796e-19
85 35 -6.9444444444445e-7
86 35 -7.06350187109532e-6
4 36 -2.08333333333337e-7
5 36 1.08420217248551e-21
6 36 2.08333333333334e-7
23 36 4.16666666666659e-7
24 36 4.70900124739738e-6
33 36 1.88360049895879e-5
36 36 0
37 36 -4.16666666666659e-7
38 36 4.7090012473967e-6
81 36 8.33333333333345e-7
82 36 -4.70900124739708e-6
84 36 -1.88360049895876e-5
85 36 -8.33333333333345e-7
86 36 -4.70900124739686e-6
4 37 3.76720099791762e-5
5 37 -7.53440199583485e-5
6 37 -.000268734192727584
7 37 -5.9023076383252e-5
8 37 2.9511538236017e-5
23 37 -.000145075542150671
24 37 -1.11111111111115e-5
32 37 .000250825296208245
33 37 4.44444444444461e-5
34 37 -2.08333333333333e-6
35 37 -1.3888888888889e-6
36 37 -4.16666666666659e-7
37 37 .00118610196797811
38 37 4.33680868994202e-19
39 37 .000170634446860048
40 37 -4.4444444444447e-5
41 37 2.08333333333333e-6
42 37 -1.38888888888889e-6
43 37 4.16666666666657e-7
44 37 -.00011041726195844
45 37 1.11111111111119e-5
81 37 .000114419154379034
82 37 -2.22222222222225e-5
83 37 -.000238669755781318
84 37 8.88888888888892e-5
85 37 -.0007784112789158
86 37 1.73472347597681e-18
87 37 -.000193433693817995
88 37 -8.88888888888914e-5
89 37 9.04418374544583e-5
90 37 2.22222222222233e-5
4 38 8.33333333333345e-6
5 38 -3.33333333333338e-5
6 38 -1.19262238973405e-18
7 38 3.33333333333349e-5
8 38 -8.33333333333366e-6
23 38 1.11111111111115e-5
24 38 -.000449728770991838
32 38 -4.4444444444445e-5
33 38 .000879794647937093
34 38 -9.10729824887827e-20
35 38 1.30104260698261e-20
36 38 4.7090012473967e-6
37 38 4.33680868994202e-19
38 38 .00328375208867397
39 38 4.4444444444444e-5
40 38 .000676285775717263
41 38 2.65629532258949e-20
42 38 -1.13841228110978e-20
43 38 3.68894227395299e-6
44 38 -1.11111111111109e-5
45 38 -.000350692907567323
81 38 -1.94444444444448e-5
82 38 .00022661589706462
83 38 7.77777777777773e-5
84 38 -.000458147517640837
85 38 3.03576608295941e-18
86 38 -.00159766971237974
87 38 -7.77777777777812e-5
88 38 -.000362136243519946
89 38 1.94444444444456e-5
90 38 .000177930617232321
6 39 -5.90230763832407e-5
7 39 -.000472184611776271
8 39 -5.90230765608205e-5
37 39 .000170634446860048
38 39 4.4444444444444e-5
39 39 .00203440993346378
40 39 1.97758476261356e-18
41 39 -1.30104260698261e-20
42 39 2.77777777777782e-6
43 39 -2.16840434497101e-21
44 39 .000170634447675478
45 39 -4.44444444444459e-5
85 39 -.000193433693817966
86 39 8.88888888888884e-5
87 39 -.00138013596373911
88 39 4.55364912443912e-18
89 39 -.000193433694324399
90 39 -8.88888888888931e-5
6 40 -3.33333333333325e-5
7 40 -1.61329283265844e-18
8 40 3.3333333333334e-5
37 40 -4.4444444444447e-5
38 40 .000676285775717263
39 40 1.97758476261356e-18
40 40 .00574495339214168
41 40 -1.23599047663348e-19
42 40 3.03576608295941e-20
43 40 1.4755769118008e-5
44 40 4.44444444444446e-5
45 40 .000676285777902935
85 40 7.77777777777764e-5
86 40 -.000362136243519887
87 40 5.24970691917482e-18
88 40 -.00281342315795093
89 40 -7.77777777777812e-5
90 40 -.000362136244571615
6 41 5.82758667710961e-21
7 41 -5.42101086242753e-22
8 41 -6.50521303491303e-21
37 41 2.08333333333333e-6
38 41 2.65629532258949e-20
39 41 -1.30104260698261e-20
40 41 -1.23599047663348e-19
41 41 0
44 41 -2.08333333333333e-6
45 41 -4.20670442924377e-19
85 41 1.04166666666668e-6
86 41 -5.53341341092919e-6
87 41 -8.67361737988404e-21
88 41 -2.21336536770119e-5
89 41 -1.04166666666667e-6
90 41 -5.5334134275763e-6
6 42 -4.54009659728306e-21
7 42 2.71050543121376e-21
8 42 -4.33680868994202e-21
37 42 -1.38888888888889e-6
38 42 -1.13841228110978e-20
39 42 2.77777777777782e-6
40 42 3.03576608295941e-20
42 42 0
44 42 -1.38888888888889e-6
45 42 -3.42607886505421e-19
85 42 -6.94444444444454e-7
86 42 5.53341341425845e-6
87 42 1.38888888888889e-6
88 42 -6.65839345465048e-15
89 42 -6.9444444444445e-7
90 42 -5.53341342424707e-6
6 43 -2.08333333333336e-7
8 43 2.08333333333334e-7
37 43 4.16666666666657e-7
38 43 3.68894227395299e-6
39 43 -2.16840434497101e-21
40 43 1.4755769118008e-5
43 43 0
44 43 -4.16666666666657e-7
45 43 3.68894228505085e-6
85 43 8.33333333333345e-7
86 43 -3.6889422739528e-6
88 43 -1.47557691180075e-5
89 43 -8.33333333333338e-7
90 43 -3.68894228505082e-6
6 44 2.9511538236014e-5
7 44 -5.90230765608153e-5
8 44 -.000210521270639606
9 44 -4.62375587589974e-5
10 44 2.31187794238844e-5
37 44 -.00011041726195844
38 44 -1.11111111111109e-5
39 44 .000170634447675478
40 44 4.44444444444446e-5
41 44 -2.08333333333333e-6
42 44 -1.38888888888889e-6
43 44 -4.16666666666657e-7
44 44 .000980676389212003
45 44 3.68628738645072e-18
46 44 .000100664438191175
47 44 -4.444444444445e-5
48 44 2.08333333333333e-6
49 44 -1.3888888888889e-6
50 44 4.16666666666659e-7
51 44 -8.2372870214661e-5
52 44 1.11111111111123e-5
85 44 9.04418374544406e-5
86 44 -2.22222222222214e-5
87 44 -.000193433694324369
88 44 8.88888888888871e-5
89 44 -.000596915985255402
90 44 6.50521303491303e-18
91 44 -.000159784125488233
92 44 -8.88888888888962e-5
93 44 7.18819001418866e-5
94 44 2.22222222222239e-5
6 45 8.33333333333317e-6
7 45 -3.33333333333333e-5
8 45 -1.51788304147971e-18
9 45 3.33333333333355e-5
10 45 -8.33333333333372e-6
37 45 1.11111111111119e-5
38 45 -.000350692907567323
39 45 -4.44444444444459e-5
40 45 .000676285777902932
41 45 -4.20670442924377e-19
42 45 -3.42607886505421e-19
43 45 3.68894228505085e-6
44 45 3.68628738645072e-18
45 45 .00259818241688503
46 45 4.44444444444418e-5
47 45 .000513285776169947
48 45 5.00630353145182e-19
49 45 -4.62412226565069e-19
50 45 2.88984742243709e-6
51 45 -1.11111111111106e-5
52 45 -.000272663214088947
85 45 -1.94444444444437e-5
86 45 .000177930617232286
87 45 7.7777777777776e-5
88 45 -.000362136244571562
89 45 5.42101086242752e-18
90 45 -.00124514583153514
91 45 -7.77777777777855e-5
92 45 -.000287816584788556
93 45 1.94444444444464e-5
94 45 .000139903211292749
8 46 -4.62375587589809e-5
9 46 -.000369900470782104
10 46 -4.62375589365498e-5
44 46 .000100664438191175
45 46 4.44444444444418e-5
46 46 .00165973286636141
47 46 7.52869988573935e-18
48 46 -1.95156391047391e-20
49 46 2.77777777777784e-6
50 46 -2.16840434497101e-21
51 46 .000100664439069886
52 46 -4.44444444444492e-5
89 46 -.000159784125488107
90 46 8.8888888888884e-5
91 46 -.00106466866653804
92 46 1.46323925198644e-17
93 46 -.000159784125978773
94 46 -8.88888888888983e-5
8 47 -3.33333333333318e-5
9 47 -3.57353036051223e-18
10 47 3.33333333333353e-5
44 47 -4.444444444445e-5
45 47 .000513285776169943
46 47 7.52869988573935e-18
47 47 .00453349489688643
48 47 1.43114686768087e-19
49 47 4.01154803819637e-19
50 47 1.15593897119406e-5
51 47 4.44444444444416e-5
52 47 .000513285778387065
89 47 7.77777777777725e-5
90 47 -.000287816584788303
91 47 1.59486139572618e-17
92 47 -.00219573051281727
93 47 -7.77777777777881e-5
94 47 -.000287816585832261
8 48 5.69206140554892e-21
9 48 5.42101086242753e-22
10 48 -7.04731412115577e-21
44 48 2.08333333333333e-6
45 48 5.00630353145182e-19
46 48 -1.95156391047391e-20
47 48 1.43114686768087e-19
48 48 0
51 48 -2.08333333333332e-6
52 48 -3.64291929955131e-19
89 48 1.04166666666668e-6
90 48 -4.33477113365467e-6
91 48 -4.33680868994202e-21
92 48 -1.73390845679106e-5
93 48 -1.04166666666667e-6
94 48 -4.33477115030127e-6
8 49 -3.79470760369926e-21
9 49 2.16840434497101e-21
10 49 -4.06575814682065e-21
44 49 -1.3888888888889e-6
45 49 -4.62412226565069e-19
46 49 2.77777777777784e-6
47 49 4.01154803819637e-19
49 49 0
51 49 -1.38888888888889e-6
52 49 -1.79977560632594e-19
89 49 -6.94444444444454e-7
90 49 4.33477113698377e-6
91 49 1.38888888888889e-6
92 49 -6.65717697981295e-15
93 49 -6.9444444444445e-7
94 49 -4.33477114697203e-6
8 50 -2.08333333333334e-7
9 50 -5.42101086242753e-22
10 50 2.08333333333334e-7
44 50 4.16666666666659e-7
45 50 2.88984742243709e-6
46 50 -2.16840434497101e-21
47 50 1.15593897119406e-5
50 50 0
51 50 -4.16666666666657e-7
52 50 2.88984743353335e-6
89 50 8.33333333333345e-7
90 50 -2.88984742243654e-6
92 50 -1.15593897119402e-5
93 50 -8.33333333333334e-7
94 50 -2.8898474335342e-6
8 51 2.31187794238805e-5
9 51 -4.62375589365342e-5
10 51 -.000123956599417587
11 51 -2.77777778540757e-5
12 51 1.11111111036129e-5
44 51 -8.2372870214661e-5
45 51 -1.11111111111106e-5
46 51 .000100664439069886
47 51 4.44444444444416e-5
48 51 -2.08333333333332e-6
49 51 -1.38888888888889e-6
50 51 -4.16666666666657e-7
51 51 .000810741357626706
52 51 -2.22222222945549e-5
53 51 -.000251485596055328
54 51 -5.92592593242601e-5
55 51 2.08333333333336e-6
56 51 -1.3966049379883e-6
57 51 2.7777777702348e-7
58 51 1.45596709344321e-5
59 51 1.85185185125352e-5
89 51 7.18819001418415e-5
90 51 -2.22222222222208e-5
91 51 -.000159784125978597
92 51 8.8888888888881e-5
93 51 -.000296844761975766
94 51 2.22222222975642e-5
95 51 -5.54639919082681e-5
96 51 -8.51851851498601e-5
97 51 1.66028806645557e-5
98 51 2.03703703764252e-5
8 52 8.33333333333312e-6
9 52 -3.33333333333318e-5
10 52 5.5555555745193e-6
11 52 3.88888889090544e-5
12 52 -1.11111111100979e-5
44 52 1.11111111111123e-5
45 52 -.000272663214088947
46 52 -4.44444444444492e-5
47 52 .000513285778387065
48 52 -3.64291929955131e-19
49 52 -1.79977560632594e-19
50 52 2.88984743353335e-6
51 52 -2.22222222945549e-5
52 52 .00162797635675328
53 52 3.70370369906173e-5
54 52 2.25884784135676e-5
55 52 2.45165216253285e-19
56 52 1.57129355100178e-17
57 52 9.25925930960549e-7
58 52 -7.40740741410586e-6
59 52 -6.69218105511338e-5
89 52 -1.94444444444431e-5
90 52 .000139903211292658
91 52 7.77777777777695e-5
92 52 -.000287816585831914
93 52 1.66666667231919e-5
94 52 -.000697504194415336
95 52 -7.59259259017569e-5
96 52 -9.43528810529795e-5
97 52 1.85185185231416e-5
98 52 4.1602880629407e-5
10 53 -3.70370377960026e-6
11 53 -.000125925925802544
12 53 -2.96296295244281e-5
51 53 -.000251485596055328
52 53 3.70370369906173e-5
53 53 .0012484855976757
54 53 -8.8888888802353e-5
55 53 -8.67361737988404e-21
56 53 3.79629629772782e-6
57 53 -6.48148147537543e-7
58 53 -.000354901236807577
59 53 -6.6666666592401e-5
93 53 -.00019990843637754
94 53 .000107407407479456
95 53 -.000206397118601946
96 53 8.88888888031527e-5
97 53 -7.02067902387644e-5
98 53 -.000100000000079458
10 54 -3.33333333269105e-5
11 54 2.22222222008408e-5
12 54 4.44444444273333e-5
51 54 -5.92592593242601e-5
52 54 2.25884784135676e-5
53 54 -8.8888888802353e-5
54 54 .00181144855900421
55 54 3.12250225675826e-19
56 54 8.13184155429306e-17
57 54 4.32098765024581e-6
58 54 4.4444444523e-5
59 54 -2.89753107716159e-5
93 54 9.25925926489155e-5
94 54 -.000166575103282639
95 54 6.66666666024355e-5
96 54 -.000636026748086542
97 54 -8.88888889490017e-5
98 54 -.000101688271211714
10 55 7.31836466427714e-21
11 55 1.08420217248551e-21
12 55 2.09901540593194e-18
51 55 2.08333333333336e-6
52 55 2.45165216253285e-19
53 55 -8.67361737988404e-21
54 55 3.12250225675826e-19
55 55 0
58 55 -3.70370370191435e-6
59 55 1.00431815641678e-16
93 55 1.38888889076476e-6
94 55 -1.38888889639287e-6
95 55 1.62037036885183e-6
96 55 -6.4814814754069e-6
97 55 -1.38888889103766e-6
98 55 -1.85185183969734e-6
10 56 3.29326409892473e-19
11 56 1.6978606021123e-18
12 56 1.83772268236293e-18
51 56 -1.3966049379883e-6
52 56 1.57129355100178e-17
53 56 3.79629629772782e-6
54 56 8.13184155429306e-17
56 56 0
58 56 -2.47685185028617e-6
59 56 8.79916799145788e-17
93 56 -1.06867284025877e-6
94 56 1.48148148505567e-6
95 56 1.9444444431899e-6
96 56 -1.85185177318416e-7
97 56 -7.98611112388322e-7
98 56 -1.75925925103611e-6
10 57 -1.96759259196731e-7
11 57 5.40123456283903e-8
12 57 3.85802468855209e-7
51 57 2.7777777702348e-7
52 57 9.25925930960549e-7
53 57 -6.48148147537543e-7
54 57 4.32098765024581e-6
57 57 0
58 57 -9.25925924350192e-7
59 57 1.23456789308007e-6
93 57 1.07638889020102e-6
94 57 -9.25925930929706e-7
95 57 1.13425925819708e-6
96 57 -4.32098765026931e-6
97 57 -1.15740740882069e-6
98 57 -1.23456789312584e-6
10 58 4.62962962210315e-6
11 58 -1.85185174643381e-6
12 58 -6.29629628552081e-5
13 58 -3.14814815108168e-5
14 58 1.20370370521757e-5
51 58 1.45596709344321e-5
52 58 -7.40740741410586e-6
53 58 -.000354901236807577
54 58 4.4444444523e-5
55 58 -3.70370370191435e-6
56 58 -2.47685185028617e-6
57 58 -9.25925924350192e-7
58 58 .00109152674920433
59 58 -4.44444443731206e-5
60 58 -.000473419751806396
61 58 -7.40740740847994e-5
62 58 3.7037037019144e-6
63 58 -2.47685185068876e-6
64 58 5.55555554886763e-7
65 58 4.40246911522849e-5
66 58 2.22222222331308e-5
93 58 5.54917695542662e-5
94 58 -3.14814814768333e-5
95 58 -.000236873456909988
96 58 .000122222222151224
97 58 1.36224284794325e-5
98 58 4.44444443690939e-5
99 58 -8.87253084584502e-5
100 58 -.000114814814779129
101 58 1.84135802583731e-5
102 58 2.77777777670372e-5
10 59 8.33333333487491e-6
11 59 -3.88888889091695e-5
12 59 1.1111111092064e-5
13 59 5.00000000003091e-5
14 59 -1.38888888915614e-5
51 59 1.85185185125352e-5
52 59 -6.69218105511338e-5
53 59 -6.6666666592401e-5
54 59 -2.89753107716159e-5
55 59 1.00431815641678e-16
56 59 8.79916799145788e-17
57 59 1.23456789308007e-6
58 59 -4.44444443731206e-5
59 59 .00113967489622539
60 59 5.18518518268364e-5
61 59 -8.82345669731715e-5
62 59 -1.00474099526404e-16
63 59 6.54279419271682e-17
64 59 1.23456790333597e-6
65 59 -1.11111111002033e-5
66 59 -5.2271605185471e-5
93 59 -2.685185184846e-5
94 59 6.10473250740305e-5
95 59 .000105555555502848
96 59 -.000185021604546056
97 59 3.33333332768015e-5
98 59 -.00025952571946492
99 59 -.000101851851823302
100 59 -.000110947530899482
101 59 2.49999999919478e-5
102 59 4.24876543911807e-5
12 60 -2.97462777845735e-14
13 60 -.000125925926172508
14 60 -3.33333333629312e-5
58 60 -.000473419751806396
59 60 5.18518518268364e-5
60 60 .00172519341432177
61 60 -8.88888890596753e-5
62 60 3.46944695195362e-20
63 60 6.26543209882513e-6
64 60 -8.33333334949632e-7
65 60 -.000606382714764552
66 60 -8.14814815148896e-5
97 60 -.00027761419732893
98 60 .000137037037044446
99 60 -8.72201659364935e-5
100 60 8.88888890608888e-5
101 60 -.000110854938068563
102 60 -.000129629629622377
12 61 -4.44444444335649e-5
13 61 2.22222222651991e-5
14 61 5.55555555659113e-5
58 61 -7.40740740847994e-5
59 61 -8.82345669731719e-5
60 61 -8.88888890596753e-5
61 61 .00205111934321507
62 61 -6.74373751285987e-19
63 61 3.63966669303383e-18
64 61 5.55555556634214e-6
65 61 5.92592592401468e-5
66 61 -.000154530863265848
97 61 .000118518518522309
98 61 -.000205391975338334
99 61 6.66666667956547e-5
100 61 -.000576109055192991
101 61 -.000114814814811181
102 61 -.000121966049412045
12 62 -2.10009960810442e-18
13 62 -8.67361737988404e-21
14 62 -2.65195851389955e-18
58 62 3.7037037019144e-6
59 62 -1.00474099526404e-16
60 62 3.46944695195362e-20
61 62 -6.74373751285987e-19
62 62 0
65 62 -5.78703703927371e-6
66 62 -1.27054399987059e-16
97 62 2.3148148147081e-6
98 62 -1.85185185498412e-6
99 62 2.083333337353e-6
100 62 -8.33333334941227e-6
101 62 -2.31481481469704e-6
102 62 -2.31481481973488e-6
12 63 1.3662302626033e-18
13 63 7.91467585914419e-20
14 63 -1.80628081936085e-18
58 63 -2.47685185068876e-6
59 63 6.54279419271682e-17
60 63 6.26543209882513e-6
61 63 3.63966669303383e-18
63 63 0
65 63 -3.86574074226167e-6
66 63 -8.64217551688198e-17
97 63 -1.72453703733055e-6
98 63 1.94444444793187e-6
99 63 3.17901234588724e-6
100 63 -1.85185185898638e-7
101 63 -1.377314814431e-6
102 63 -2.22222222678279e-6
12 64 -3.54938271399534e-7
13 64 6.94444445784278e-8
14 64 5.9799382742563e-7
58 64 5.55555554886763e-7
59 64 1.23456790333597e-6
60 64 -8.33333334949632e-7
61 64 5.55555556634214e-6
64 64 0
65 64 -1.38888888982586e-6
66 64 1.54320987984292e-6
97 64 1.80555555539117e-6
98 64 -1.23456790332729e-6
99 64 1.45833333614499e-6
100 64 -5.55555556627731e-6
101 64 -1.90972222225199e-6
102 64 -1.54320987982827e-6
12 65 3.70370371885939e-6
13 65 1.85185182252055e-6
14 65 -6.29629628544686e-5
15 65 -3.51851850808581e-5
16 65 1.29629629552791e-5
58 65 4.40246911522849e-5
59 65 -1.11111111002033e-5
60 65 -.000606382714764552
61 65 5.92592592401468e-5
62 65 -5.78703703927371e-6
63 65 -3.86574074226167e-6
64 65 -1.38888888982586e-6
65 65 .00155967489857308
66 65 -4.4444444364692e-5
67 65 -.000754530867527484
68 65 -8.88888888128546e-5
69 65 5.78703703927379e-6
70 65 -3.86574074266429e-6
71 65 9.25925927976374e-7
72 65 8.08559670937292e-5
73 65 2.59259259215256e-5
97 65 6.84135802585051e-5
98 65 -3.88888888996255e-5
99 65 -.000321966049199153
100 65 .000151851851887356
101 65 .000130659465819367
102 65 4.44444443694009e-5
103 65 -.000136780864589474
104 65 -.000144444444515477
105 65 2.20658435945315e-5
106 65 3.51851851898913e-5
12 66 1.11111111084386e-5
13 66 -5.00000000002155e-5
14 66 1.11111110926265e-5
15 66 6.11111110906761e-5
16 66 -1.66666666649767e-5
58 66 2.22222222331308e-5
59 66 -5.2271605185471e-5
60 66 -8.14814815148896e-5
61 66 -.000154530863265848
62 66 -1.27054399987059e-16
63 66 -8.64217551688198e-17
64 66 1.54320987984292e-6
65 66 -4.4444444364692e-5
66 66 .00137448971165061
67 66 6.66666667384162e-5
68 66 -.000228604940947666
69 66 1.26369184214048e-16
70 66 -1.08843327146363e-16
71 66 1.54320986581245e-6
72 66 -1.48148148185014e-5
73 66 -3.39588476567512e-5
97 66 -3.33333333413816e-5
98 66 6.74876543912172e-5
99 66 .000131481481509852
100 66 -.00022752160497352
101 66 3.3333333277106e-5
102 66 -.000200822015610656
103 66 -.000127777777830521
104 66 -.00013492901209022
105 66 3.14814814849317e-5
106 66 4.42880657978517e-5
14 67 3.70370380809376e-6
15 67 -.000125925925802999
16 67 -3.70370371110382e-5
65 67 -.000754530867527484
66 67 6.66666667384162e-5
67 67 .00232107818932525
68 67 -8.88888888052916e-5
69 67 6.93889390390723e-20
70 67 9.35185184952581e-6
71 67 -1.01851851751271e-6
72 67 -.000917041149588921
73 67 -9.62962963368748e-5
101 67 -.000370114197915659
102 67 .000166666666587136
103 67 6.17510293138084e-5
104 67 8.88888888027667e-5
105 67 -.000166297324763725
106 67 -.000159259259187074
14 68 -5.55555555728205e-5
15 68 2.2222222200567e-5
16 68 6.66666666734508e-5
65 68 -8.88888888128546e-5
66 68 -.000228604940947666
67 68 -8.88888888052916e-5
68 68 .0023507078177836
69 68 -5.90890184004602e-19
70 68 -1.30402416295694e-16
71 68 6.79012345007729e-6
72 68 7.40740740149187e-5
73 68 -.000309633742796075
101 68 .000144444444384261
102 68 -.000251595678754291
103 68 6.66666666020517e-5
104 68 -.00050121193338688
105 68 -.000140740740684283
106 68 -.0001496306585861
14 69 2.64979010955458e-18
15 69 -1.73472347597681e-20
16 69 -1.08420217248551e-20
65 69 5.78703703927379e-6
66 69 1.26369184214048e-16
67 69 6.93889390390723e-20
68 69 -5.90890184004602e-19
69 69 0
72 69 -8.33333333333328e-6
73 69 -1.64798730217797e-19
101 69 3.47222221933532e-6
102 69 -2.31481479881787e-6
103 69 2.54629629379511e-6
104 69 -1.01851851751808e-5
105 69 -3.47222221907358e-6
106 69 -2.77777779037089e-6
14 70 -2.27574036004707e-18
15 70 -2.73435787900845e-18
16 70 -6.24500451351653e-19
65 70 -3.86574074266429e-6
66 70 -1.08843327146363e-16
67 70 9.35185184952581e-6
68 70 -1.30402416295694e-16
70 70 0
72 70 -5.56327160546012e-6
73 70 -2.9841580595491e-17
101 70 -2.53472222060904e-6
102 70 2.40740739712806e-6
103 70 4.72222222392581e-6
104 70 -1.8518519662521e-7
105 70 -2.11033950471249e-6
106 70 -2.68518519206404e-6
14 71 -5.59413580604367e-7
15 71 8.48765431264959e-8
16 71 8.56481481586443e-7
65 71 9.25925927976374e-7
66 71 1.54320986581245e-6
67 71 -1.01851851751271e-6
68 71 6.79012345007729e-6
71 71 0
72 71 -1.94444444571051e-6
73 71 1.85185186030129e-6
101 71 2.71990740550027e-6
102 71 -1.54320986587097e-6
103 71 1.78240740565787e-6
104 71 -6.79012345011979e-6
105 71 -2.84722222001985e-6
106 71 -1.85185186024968e-6
14 72 2.77777777010427e-6
15 72 5.55555548102362e-6
16 72 -3.14814815905631e-5
25 72 4.33680868994202e-21
65 72 8.08559670937292e-5
66 72 -1.48148148185014e-5
67 72 -.000917041149588921
68 72 7.40740740149187e-5
69 72 -8.33333333333328e-6
70 72 -5.56327160546012e-6
71 72 -1.94444444571051e-6
72 72 .00106580452484546
73 72 -8.88888889692802e-5
74 72 6.66666666666659e-6
101 72 8.31769547046204e-5
102 72 -4.62962962901731e-5
103 72 -.000421852880295608
104 72 .000181481481516935
105 72 .000136821501147345
106 72 -.000111111111036044
107 72 1.66666666666664e-6
14 73 1.38888888900499e-5
15 73 -6.11111110905842e-5
16 73 -4.4444444426003e-5
25 73 4.5865336372792e-20
65 73 2.59259259215256e-5
66 73 -3.39588476567512e-5
67 73 -9.62962963368748e-5
68 73 -.000309633742796075
69 73 -1.64798730217797e-19
70 73 -2.9841580595491e-17
71 73 1.85185186030129e-6
72 73 -8.88888889692802e-5
73 73 .000830619341623925
74 73 8.16185045170101e-19
101 73 -3.98148148101241e-5
102 73 7.48436213530526e-5
103 73 .000157407407431707
104 73 -.000277408436356937
105 73 .000133333333389584
106 73 -6.45673877370141e-5
107 73 -5.82566155114335e-21
16 74 -.00666666666666663
25 74 -9.48676900924816e-20
72 74 .0266666666666667
73 74 -1.02348685082632e-16
74 74 -6.6666666666668e-5
105 74 -.02
106 74 5.20417042793042e-17
107 74 -1.66666666666666e-5
1 75 .000239991729140563
2 75 3.2511849440111e-5
17 75 -.00292433406166316
18 75 -8.02309607639275e-20
19 75 -.000375593290898079
20 75 7.77777777777782e-5
27 75 1.38888888888887e-6
28 75 -4.33680868994202e-21
75 75 .00696415163180625
76 75 1.95373231481888e-18
77 75 .000830312821215179
78 75 -2.22222222222225e-5
108 75 -.00488870120676405
109 75 1.24900090270331e-18
110 75 -2.05998412772246e-20
111 75 1.388888888889e-6
112 75 1.95156391047391e-20
113 75 -.000621139184035734
114 75 -.000144444444444447
165 75 .000719975187421701
166 75 -3.46944695195362e-19
167 75 9.7535548320345e-5
168 75 4.44444444444455e-5
1 76 -1.5205731715984e-20
2 76 -1.66666666666665e-5
17 76 -8.64554975841081e-21
18 76 -.00587890711697781
